Time,Name,IP,Value,X,Y
2023-06-28 21:25:45.621,Xiaomi_CEB5_5G,f0:b4:29:da:ce:b7,-44,3.5,1.9
2023-06-28 21:25:45.625,Peppa Pig,48:a1:95:eb:c6:21,-61,3.5,1.9
2023-06-28 21:25:45.627,BUAA-Mobile,18:64:72:d3:21:b1,-47,3.5,1.9
2023-06-28 21:25:45.628,BUAA-WiFi,18:64:72:d3:21:b0,-49,3.5,1.9
2023-06-28 21:25:45.629,AP1_5G,f0:b4:29:db:56:86,-61,3.5,1.9
2023-06-28 21:25:45.629,Xiaomi_CEB5,f0:b4:29:da:ce:b6,-37,3.5,1.9
2023-06-28 21:25:45.630,AP1,f0:b4:29:db:56:85,-43,3.5,1.9
2023-06-28 21:25:45.631,Peppa Pig,48:a1:95:eb:c6:20,-55,3.5,1.9
2023-06-28 21:25:45.632,BUAA-WiFi,18:64:72:d3:29:40,-75,3.5,1.9
2023-06-28 21:25:45.634,BUAA-Mobile,18:64:72:d3:21:a1,-48,3.5,1.9
2023-06-28 21:25:45.635,BUAA-WiFi,18:64:72:d3:21:a0,-49,3.5,1.9
2023-06-28 21:25:45.636,BUAA-Mobile,18:64:72:d3:03:81,-56,3.5,1.9
2023-06-28 21:25:45.637,BUAA-WiFi,18:64:72:d3:03:80,-56,3.5,1.9
2023-06-28 21:25:45.638,CMT,28:64:b0:7b:b0:a0,-91,3.5,1.9
2023-06-28 21:25:46.603,Xiaomi_CEB5_5G,f0:b4:29:da:ce:b7,-44,3.5,1.9
2023-06-28 21:25:46.607,Peppa Pig,48:a1:95:eb:c6:21,-61,3.5,1.9
2023-06-28 21:25:46.610,BUAA-Mobile,18:64:72:d3:21:b1,-47,3.5,1.9
2023-06-28 21:25:46.612,BUAA-WiFi,18:64:72:d3:21:b0,-49,3.5,1.9
2023-06-28 21:25:46.615,AP1_5G,f0:b4:29:db:56:86,-61,3.5,1.9
2023-06-28 21:25:46.617,Xiaomi_CEB5,f0:b4:29:da:ce:b6,-37,3.5,1.9
2023-06-28 21:25:46.619,AP1,f0:b4:29:db:56:85,-43,3.5,1.9
2023-06-28 21:25:46.622,Peppa Pig,48:a1:95:eb:c6:20,-55,3.5,1.9
2023-06-28 21:25:46.624,BUAA-WiFi,18:64:72:d3:29:40,-75,3.5,1.9
2023-06-28 21:25:46.627,BUAA-Mobile,18:64:72:d3:21:a1,-48,3.5,1.9
2023-06-28 21:25:46.629,BUAA-WiFi,18:64:72:d3:21:a0,-49,3.5,1.9
2023-06-28 21:25:46.631,BUAA-Mobile,18:64:72:d3:03:81,-56,3.5,1.9
2023-06-28 21:25:46.634,BUAA-WiFi,18:64:72:d3:03:80,-56,3.5,1.9
2023-06-28 21:25:46.636,CMT,28:64:b0:7b:b0:a0,-91,3.5,1.9
2023-06-28 21:25:47.604,Xiaomi_CEB5_5G,f0:b4:29:da:ce:b7,-44,3.5,1.9
2023-06-28 21:25:47.610,Peppa Pig,48:a1:95:eb:c6:21,-61,3.5,1.9
2023-06-28 21:25:47.614,BUAA-Mobile,18:64:72:d3:21:b1,-47,3.5,1.9
2023-06-28 21:25:47.616,BUAA-WiFi,18:64:72:d3:21:b0,-49,3.5,1.9
2023-06-28 21:25:47.619,AP1_5G,f0:b4:29:db:56:86,-61,3.5,1.9
2023-06-28 21:25:47.621,Xiaomi_CEB5,f0:b4:29:da:ce:b6,-37,3.5,1.9
2023-06-28 21:25:47.623,AP1,f0:b4:29:db:56:85,-43,3.5,1.9
2023-06-28 21:25:47.626,Peppa Pig,48:a1:95:eb:c6:20,-55,3.5,1.9
2023-06-28 21:25:47.628,BUAA-WiFi,18:64:72:d3:29:40,-75,3.5,1.9
2023-06-28 21:25:47.630,BUAA-Mobile,18:64:72:d3:21:a1,-48,3.5,1.9
2023-06-28 21:25:47.632,BUAA-WiFi,18:64:72:d3:21:a0,-49,3.5,1.9
2023-06-28 21:25:47.635,BUAA-Mobile,18:64:72:d3:03:81,-56,3.5,1.9
2023-06-28 21:25:47.637,BUAA-WiFi,18:64:72:d3:03:80,-56,3.5,1.9
2023-06-28 21:25:47.639,CMT,28:64:b0:7b:b0:a0,-91,3.5,1.9
2023-06-28 21:25:48.603,Xiaomi_CEB5_5G,f0:b4:29:da:ce:b7,-44,3.5,1.9
2023-06-28 21:25:48.609,Peppa Pig,48:a1:95:eb:c6:21,-61,3.5,1.9
2023-06-28 21:25:48.612,BUAA-Mobile,18:64:72:d3:21:b1,-47,3.5,1.9
2023-06-28 21:25:48.615,BUAA-WiFi,18:64:72:d3:21:b0,-49,3.5,1.9
2023-06-28 21:25:48.617,AP1_5G,f0:b4:29:db:56:86,-61,3.5,1.9
2023-06-28 21:25:48.619,Xiaomi_CEB5,f0:b4:29:da:ce:b6,-37,3.5,1.9
2023-06-28 21:25:48.622,AP1,f0:b4:29:db:56:85,-43,3.5,1.9
2023-06-28 21:25:48.624,Peppa Pig,48:a1:95:eb:c6:20,-55,3.5,1.9
2023-06-28 21:25:48.627,BUAA-WiFi,18:64:72:d3:29:40,-75,3.5,1.9
2023-06-28 21:25:48.629,BUAA-Mobile,18:64:72:d3:21:a1,-48,3.5,1.9
2023-06-28 21:25:48.631,BUAA-WiFi,18:64:72:d3:21:a0,-49,3.5,1.9
2023-06-28 21:25:48.633,BUAA-Mobile,18:64:72:d3:03:81,-56,3.5,1.9
2023-06-28 21:25:48.635,BUAA-WiFi,18:64:72:d3:03:80,-56,3.5,1.9
2023-06-28 21:25:48.637,CMT,28:64:b0:7b:b0:a0,-91,3.5,1.9
2023-06-28 21:25:49.604,Xiaomi_CEB5_5G,f0:b4:29:da:ce:b7,-44,3.5,1.9
2023-06-28 21:25:49.608,Peppa Pig,48:a1:95:eb:c6:21,-61,3.5,1.9
2023-06-28 21:25:49.610,BUAA-Mobile,18:64:72:d3:21:b1,-47,3.5,1.9
2023-06-28 21:25:49.613,BUAA-WiFi,18:64:72:d3:21:b0,-49,3.5,1.9
2023-06-28 21:25:49.615,AP1_5G,f0:b4:29:db:56:86,-61,3.5,1.9
2023-06-28 21:25:49.618,Xiaomi_CEB5,f0:b4:29:da:ce:b6,-37,3.5,1.9
2023-06-28 21:25:49.620,AP1,f0:b4:29:db:56:85,-43,3.5,1.9
2023-06-28 21:25:49.623,Peppa Pig,48:a1:95:eb:c6:20,-55,3.5,1.9
2023-06-28 21:25:49.626,BUAA-WiFi,18:64:72:d3:29:40,-75,3.5,1.9
2023-06-28 21:25:49.628,BUAA-Mobile,18:64:72:d3:21:a1,-48,3.5,1.9
2023-06-28 21:25:49.630,BUAA-WiFi,18:64:72:d3:21:a0,-49,3.5,1.9
2023-06-28 21:25:49.632,BUAA-Mobile,18:64:72:d3:03:81,-56,3.5,1.9
2023-06-28 21:25:49.634,BUAA-WiFi,18:64:72:d3:03:80,-56,3.5,1.9
2023-06-28 21:25:49.636,CMT,28:64:b0:7b:b0:a0,-91,3.5,1.9
2023-06-28 21:25:50.605,Xiaomi_CEB5_5G,f0:b4:29:da:ce:b7,-44,3.5,1.9
2023-06-28 21:25:50.611,Peppa Pig,48:a1:95:eb:c6:21,-61,3.5,1.9
2023-06-28 21:25:50.615,BUAA-Mobile,18:64:72:d3:21:b1,-47,3.5,1.9
2023-06-28 21:25:50.620,BUAA-WiFi,18:64:72:d3:21:b0,-49,3.5,1.9
2023-06-28 21:25:50.623,AP1_5G,f0:b4:29:db:56:86,-61,3.5,1.9
2023-06-28 21:25:50.625,Xiaomi_CEB5,f0:b4:29:da:ce:b6,-37,3.5,1.9
2023-06-28 21:25:50.627,AP1,f0:b4:29:db:56:85,-43,3.5,1.9
2023-06-28 21:25:50.628,Peppa Pig,48:a1:95:eb:c6:20,-55,3.5,1.9
2023-06-28 21:25:50.629,BUAA-WiFi,18:64:72:d3:29:40,-75,3.5,1.9
2023-06-28 21:25:50.631,BUAA-Mobile,18:64:72:d3:21:a1,-48,3.5,1.9
2023-06-28 21:25:50.632,BUAA-WiFi,18:64:72:d3:21:a0,-49,3.5,1.9
2023-06-28 21:25:50.633,BUAA-Mobile,18:64:72:d3:03:81,-56,3.5,1.9
2023-06-28 21:25:50.635,BUAA-WiFi,18:64:72:d3:03:80,-56,3.5,1.9
2023-06-28 21:25:50.636,CMT,28:64:b0:7b:b0:a0,-91,3.5,1.9
2023-06-28 21:25:51.604,Xiaomi_CEB5_5G,f0:b4:29:da:ce:b7,-44,3.5,1.9
2023-06-28 21:25:51.609,Peppa Pig,48:a1:95:eb:c6:21,-61,3.5,1.9
2023-06-28 21:25:51.611,BUAA-Mobile,18:64:72:d3:21:b1,-47,3.5,1.9
2023-06-28 21:25:51.614,BUAA-WiFi,18:64:72:d3:21:b0,-49,3.5,1.9
2023-06-28 21:25:51.618,AP1_5G,f0:b4:29:db:56:86,-61,3.5,1.9
2023-06-28 21:25:51.621,Xiaomi_CEB5,f0:b4:29:da:ce:b6,-37,3.5,1.9
2023-06-28 21:25:51.623,AP1,f0:b4:29:db:56:85,-43,3.5,1.9
2023-06-28 21:25:51.627,Peppa Pig,48:a1:95:eb:c6:20,-55,3.5,1.9
2023-06-28 21:25:51.630,BUAA-WiFi,18:64:72:d3:29:40,-75,3.5,1.9
2023-06-28 21:25:51.632,BUAA-Mobile,18:64:72:d3:21:a1,-48,3.5,1.9
2023-06-28 21:25:51.634,BUAA-WiFi,18:64:72:d3:21:a0,-49,3.5,1.9
2023-06-28 21:25:51.636,BUAA-Mobile,18:64:72:d3:03:81,-56,3.5,1.9
2023-06-28 21:25:51.639,BUAA-WiFi,18:64:72:d3:03:80,-56,3.5,1.9
2023-06-28 21:25:51.641,CMT,28:64:b0:7b:b0:a0,-91,3.5,1.9
2023-06-28 21:25:52.605,Xiaomi_CEB5_5G,f0:b4:29:da:ce:b7,-44,3.5,1.9
2023-06-28 21:25:52.614,Peppa Pig,48:a1:95:eb:c6:21,-61,3.5,1.9
2023-06-28 21:25:52.618,BUAA-Mobile,18:64:72:d3:21:b1,-47,3.5,1.9
2023-06-28 21:25:52.623,BUAA-WiFi,18:64:72:d3:21:b0,-49,3.5,1.9
2023-06-28 21:25:52.625,AP1_5G,f0:b4:29:db:56:86,-61,3.5,1.9
2023-06-28 21:25:52.627,Xiaomi_CEB5,f0:b4:29:da:ce:b6,-37,3.5,1.9
2023-06-28 21:25:52.630,AP1,f0:b4:29:db:56:85,-43,3.5,1.9
2023-06-28 21:25:52.632,Peppa Pig,48:a1:95:eb:c6:20,-55,3.5,1.9
2023-06-28 21:25:52.634,BUAA-WiFi,18:64:72:d3:29:40,-75,3.5,1.9
2023-06-28 21:25:52.636,BUAA-Mobile,18:64:72:d3:21:a1,-48,3.5,1.9
2023-06-28 21:25:52.638,BUAA-WiFi,18:64:72:d3:21:a0,-49,3.5,1.9
2023-06-28 21:25:52.641,BUAA-Mobile,18:64:72:d3:03:81,-56,3.5,1.9
2023-06-28 21:25:52.643,BUAA-WiFi,18:64:72:d3:03:80,-56,3.5,1.9
2023-06-28 21:25:52.645,CMT,28:64:b0:7b:b0:a0,-91,3.5,1.9
2023-06-28 21:25:53.605,Xiaomi_CEB5_5G,f0:b4:29:da:ce:b7,-44,3.5,1.9
2023-06-28 21:25:53.610,Peppa Pig,48:a1:95:eb:c6:21,-61,3.5,1.9
2023-06-28 21:25:53.614,BUAA-Mobile,18:64:72:d3:21:b1,-47,3.5,1.9
2023-06-28 21:25:53.620,BUAA-WiFi,18:64:72:d3:21:b0,-49,3.5,1.9
2023-06-28 21:25:53.624,AP1_5G,f0:b4:29:db:56:86,-61,3.5,1.9
2023-06-28 21:25:53.626,Xiaomi_CEB5,f0:b4:29:da:ce:b6,-37,3.5,1.9
2023-06-28 21:25:53.629,AP1,f0:b4:29:db:56:85,-43,3.5,1.9
2023-06-28 21:25:53.631,Peppa Pig,48:a1:95:eb:c6:20,-55,3.5,1.9
2023-06-28 21:25:53.633,BUAA-WiFi,18:64:72:d3:29:40,-75,3.5,1.9
2023-06-28 21:25:53.635,BUAA-Mobile,18:64:72:d3:21:a1,-48,3.5,1.9
2023-06-28 21:25:53.638,BUAA-WiFi,18:64:72:d3:21:a0,-49,3.5,1.9
2023-06-28 21:25:53.640,BUAA-Mobile,18:64:72:d3:03:81,-56,3.5,1.9
2023-06-28 21:25:53.643,BUAA-WiFi,18:64:72:d3:03:80,-56,3.5,1.9
2023-06-28 21:25:53.645,CMT,28:64:b0:7b:b0:a0,-91,3.5,1.9
2023-06-28 21:25:54.604,Xiaomi_CEB5_5G,f0:b4:29:da:ce:b7,-44,3.5,1.9
2023-06-28 21:25:54.609,Peppa Pig,48:a1:95:eb:c6:21,-61,3.5,1.9
2023-06-28 21:25:54.613,BUAA-Mobile,18:64:72:d3:21:b1,-47,3.5,1.9
2023-06-28 21:25:54.618,BUAA-WiFi,18:64:72:d3:21:b0,-49,3.5,1.9
2023-06-28 21:25:54.622,AP1_5G,f0:b4:29:db:56:86,-61,3.5,1.9
2023-06-28 21:25:54.625,Xiaomi_CEB5,f0:b4:29:da:ce:b6,-37,3.5,1.9
2023-06-28 21:25:54.628,AP1,f0:b4:29:db:56:85,-43,3.5,1.9
2023-06-28 21:25:54.631,Peppa Pig,48:a1:95:eb:c6:20,-55,3.5,1.9
2023-06-28 21:25:54.634,BUAA-WiFi,18:64:72:d3:29:40,-75,3.5,1.9
2023-06-28 21:25:54.637,BUAA-Mobile,18:64:72:d3:21:a1,-48,3.5,1.9
2023-06-28 21:25:54.640,BUAA-WiFi,18:64:72:d3:21:a0,-49,3.5,1.9
2023-06-28 21:25:54.643,BUAA-Mobile,18:64:72:d3:03:81,-56,3.5,1.9
2023-06-28 21:25:54.646,BUAA-WiFi,18:64:72:d3:03:80,-56,3.5,1.9
2023-06-28 21:25:54.648,CMT,28:64:b0:7b:b0:a0,-91,3.5,1.9
2023-06-28 21:25:55.605,Xiaomi_CEB5_5G,f0:b4:29:da:ce:b7,-44,3.5,1.9
2023-06-28 21:25:55.610,Peppa Pig,48:a1:95:eb:c6:21,-61,3.5,1.9
2023-06-28 21:25:55.613,BUAA-Mobile,18:64:72:d3:21:b1,-47,3.5,1.9
2023-06-28 21:25:55.617,BUAA-WiFi,18:64:72:d3:21:b0,-49,3.5,1.9
2023-06-28 21:25:55.620,AP1_5G,f0:b4:29:db:56:86,-61,3.5,1.9
2023-06-28 21:25:55.622,Xiaomi_CEB5,f0:b4:29:da:ce:b6,-37,3.5,1.9
2023-06-28 21:25:55.624,AP1,f0:b4:29:db:56:85,-43,3.5,1.9
2023-06-28 21:25:55.626,Peppa Pig,48:a1:95:eb:c6:20,-55,3.5,1.9
2023-06-28 21:25:55.627,BUAA-WiFi,18:64:72:d3:29:40,-75,3.5,1.9
2023-06-28 21:25:55.628,BUAA-Mobile,18:64:72:d3:21:a1,-48,3.5,1.9
2023-06-28 21:25:55.629,BUAA-WiFi,18:64:72:d3:21:a0,-49,3.5,1.9
2023-06-28 21:25:55.631,BUAA-Mobile,18:64:72:d3:03:81,-56,3.5,1.9
2023-06-28 21:25:55.632,BUAA-WiFi,18:64:72:d3:03:80,-56,3.5,1.9
2023-06-28 21:25:55.634,CMT,28:64:b0:7b:b0:a0,-91,3.5,1.9
2023-06-28 21:25:56.606,Xiaomi_CEB5_5G,f0:b4:29:da:ce:b7,-44,3.5,1.9
2023-06-28 21:25:56.611,Peppa Pig,48:a1:95:eb:c6:21,-61,3.5,1.9
2023-06-28 21:25:56.614,BUAA-Mobile,18:64:72:d3:21:b1,-47,3.5,1.9
2023-06-28 21:25:56.615,BUAA-WiFi,18:64:72:d3:21:b0,-49,3.5,1.9
2023-06-28 21:25:56.616,AP1_5G,f0:b4:29:db:56:86,-61,3.5,1.9
2023-06-28 21:25:56.618,Xiaomi_CEB5,f0:b4:29:da:ce:b6,-37,3.5,1.9
2023-06-28 21:25:56.619,AP1,f0:b4:29:db:56:85,-43,3.5,1.9
2023-06-28 21:25:56.621,Peppa Pig,48:a1:95:eb:c6:20,-55,3.5,1.9
2023-06-28 21:25:56.622,BUAA-WiFi,18:64:72:d3:29:40,-75,3.5,1.9
2023-06-28 21:25:56.623,BUAA-Mobile,18:64:72:d3:21:a1,-48,3.5,1.9
2023-06-28 21:25:56.626,BUAA-WiFi,18:64:72:d3:21:a0,-49,3.5,1.9
2023-06-28 21:25:56.627,BUAA-Mobile,18:64:72:d3:03:81,-56,3.5,1.9
2023-06-28 21:25:56.629,BUAA-WiFi,18:64:72:d3:03:80,-56,3.5,1.9
2023-06-28 21:25:56.630,CMT,28:64:b0:7b:b0:a0,-91,3.5,1.9
2023-06-28 21:25:57.606,Xiaomi_CEB5_5G,f0:b4:29:da:ce:b7,-44,3.5,1.9
2023-06-28 21:25:57.608,Peppa Pig,48:a1:95:eb:c6:21,-61,3.5,1.9
2023-06-28 21:25:57.610,BUAA-Mobile,18:64:72:d3:21:b1,-47,3.5,1.9
2023-06-28 21:25:57.611,BUAA-WiFi,18:64:72:d3:21:b0,-49,3.5,1.9
2023-06-28 21:25:57.613,AP1_5G,f0:b4:29:db:56:86,-61,3.5,1.9
2023-06-28 21:25:57.614,Xiaomi_CEB5,f0:b4:29:da:ce:b6,-37,3.5,1.9
2023-06-28 21:25:57.615,AP1,f0:b4:29:db:56:85,-43,3.5,1.9
2023-06-28 21:25:57.616,Peppa Pig,48:a1:95:eb:c6:20,-55,3.5,1.9
2023-06-28 21:25:57.617,BUAA-WiFi,18:64:72:d3:29:40,-75,3.5,1.9
2023-06-28 21:25:57.619,BUAA-Mobile,18:64:72:d3:21:a1,-48,3.5,1.9
2023-06-28 21:25:57.620,BUAA-WiFi,18:64:72:d3:21:a0,-49,3.5,1.9
2023-06-28 21:25:57.621,BUAA-Mobile,18:64:72:d3:03:81,-56,3.5,1.9
2023-06-28 21:25:57.622,BUAA-WiFi,18:64:72:d3:03:80,-56,3.5,1.9
2023-06-28 21:25:57.624,CMT,28:64:b0:7b:b0:a0,-91,3.5,1.9
2023-06-28 21:25:58.606,Xiaomi_CEB5_5G,f0:b4:29:da:ce:b7,-44,3.5,1.9
2023-06-28 21:25:58.611,Peppa Pig,48:a1:95:eb:c6:21,-61,3.5,1.9
2023-06-28 21:25:58.614,BUAA-Mobile,18:64:72:d3:21:b1,-47,3.5,1.9
2023-06-28 21:25:58.617,BUAA-WiFi,18:64:72:d3:21:b0,-49,3.5,1.9
2023-06-28 21:25:58.620,AP1_5G,f0:b4:29:db:56:86,-61,3.5,1.9
2023-06-28 21:25:58.624,Xiaomi_CEB5,f0:b4:29:da:ce:b6,-37,3.5,1.9
2023-06-28 21:25:58.627,AP1,f0:b4:29:db:56:85,-43,3.5,1.9
2023-06-28 21:25:58.630,Peppa Pig,48:a1:95:eb:c6:20,-55,3.5,1.9
2023-06-28 21:25:58.633,BUAA-WiFi,18:64:72:d3:29:40,-75,3.5,1.9
2023-06-28 21:25:58.635,BUAA-Mobile,18:64:72:d3:21:a1,-48,3.5,1.9
2023-06-28 21:25:58.638,BUAA-WiFi,18:64:72:d3:21:a0,-49,3.5,1.9
2023-06-28 21:25:58.640,BUAA-Mobile,18:64:72:d3:03:81,-56,3.5,1.9
2023-06-28 21:25:58.643,BUAA-WiFi,18:64:72:d3:03:80,-56,3.5,1.9
2023-06-28 21:25:58.645,CMT,28:64:b0:7b:b0:a0,-91,3.5,1.9
2023-06-28 21:25:59.607,Xiaomi_CEB5_5G,f0:b4:29:da:ce:b7,-44,3.5,1.9
2023-06-28 21:25:59.615,Peppa Pig,48:a1:95:eb:c6:21,-61,3.5,1.9
2023-06-28 21:25:59.620,BUAA-Mobile,18:64:72:d3:21:b1,-47,3.5,1.9
2023-06-28 21:25:59.624,BUAA-WiFi,18:64:72:d3:21:b0,-49,3.5,1.9
2023-06-28 21:25:59.627,AP1_5G,f0:b4:29:db:56:86,-61,3.5,1.9
2023-06-28 21:25:59.631,Xiaomi_CEB5,f0:b4:29:da:ce:b6,-37,3.5,1.9
2023-06-28 21:25:59.633,AP1,f0:b4:29:db:56:85,-43,3.5,1.9
2023-06-28 21:25:59.636,Peppa Pig,48:a1:95:eb:c6:20,-55,3.5,1.9
2023-06-28 21:25:59.639,BUAA-WiFi,18:64:72:d3:29:40,-75,3.5,1.9
2023-06-28 21:25:59.641,BUAA-Mobile,18:64:72:d3:21:a1,-48,3.5,1.9
2023-06-28 21:25:59.644,BUAA-WiFi,18:64:72:d3:21:a0,-49,3.5,1.9
2023-06-28 21:25:59.647,BUAA-Mobile,18:64:72:d3:03:81,-56,3.5,1.9
2023-06-28 21:25:59.650,BUAA-WiFi,18:64:72:d3:03:80,-56,3.5,1.9
2023-06-28 21:25:59.652,CMT,28:64:b0:7b:b0:a0,-91,3.5,1.9
2023-06-28 21:26:00.607,Xiaomi_CEB5_5G,f0:b4:29:da:ce:b7,-44,3.5,1.9
2023-06-28 21:26:00.610,Peppa Pig,48:a1:95:eb:c6:21,-61,3.5,1.9
2023-06-28 21:26:00.615,BUAA-Mobile,18:64:72:d3:21:b1,-47,3.5,1.9
2023-06-28 21:26:00.621,BUAA-WiFi,18:64:72:d3:21:b0,-49,3.5,1.9
2023-06-28 21:26:00.624,AP1_5G,f0:b4:29:db:56:86,-61,3.5,1.9
2023-06-28 21:26:00.627,Xiaomi_CEB5,f0:b4:29:da:ce:b6,-37,3.5,1.9
2023-06-28 21:26:00.629,AP1,f0:b4:29:db:56:85,-43,3.5,1.9
2023-06-28 21:26:00.632,Peppa Pig,48:a1:95:eb:c6:20,-55,3.5,1.9
2023-06-28 21:26:00.634,BUAA-WiFi,18:64:72:d3:29:40,-75,3.5,1.9
2023-06-28 21:26:00.636,BUAA-Mobile,18:64:72:d3:21:a1,-48,3.5,1.9
2023-06-28 21:26:00.639,BUAA-WiFi,18:64:72:d3:21:a0,-49,3.5,1.9
2023-06-28 21:26:00.641,BUAA-Mobile,18:64:72:d3:03:81,-56,3.5,1.9
2023-06-28 21:26:00.643,BUAA-WiFi,18:64:72:d3:03:80,-56,3.5,1.9
2023-06-28 21:26:00.645,CMT,28:64:b0:7b:b0:a0,-91,3.5,1.9
2023-06-28 21:26:01.608,Xiaomi_CEB5_5G,f0:b4:29:da:ce:b7,-44,3.5,1.9
2023-06-28 21:26:01.614,Peppa Pig,48:a1:95:eb:c6:21,-61,3.5,1.9
2023-06-28 21:26:01.619,BUAA-Mobile,18:64:72:d3:21:b1,-47,3.5,1.9
2023-06-28 21:26:01.623,BUAA-WiFi,18:64:72:d3:21:b0,-49,3.5,1.9
2023-06-28 21:26:01.625,AP1_5G,f0:b4:29:db:56:86,-61,3.5,1.9
2023-06-28 21:26:01.629,Xiaomi_CEB5,f0:b4:29:da:ce:b6,-37,3.5,1.9
2023-06-28 21:26:01.633,AP1,f0:b4:29:db:56:85,-43,3.5,1.9
2023-06-28 21:26:01.640,Peppa Pig,48:a1:95:eb:c6:20,-55,3.5,1.9
2023-06-28 21:26:01.646,BUAA-WiFi,18:64:72:d3:29:40,-75,3.5,1.9
2023-06-28 21:26:01.649,BUAA-Mobile,18:64:72:d3:21:a1,-48,3.5,1.9
2023-06-28 21:26:01.652,BUAA-WiFi,18:64:72:d3:21:a0,-49,3.5,1.9
2023-06-28 21:26:01.654,BUAA-Mobile,18:64:72:d3:03:81,-56,3.5,1.9
2023-06-28 21:26:01.656,BUAA-WiFi,18:64:72:d3:03:80,-56,3.5,1.9
2023-06-28 21:26:01.659,CMT,28:64:b0:7b:b0:a0,-91,3.5,1.9
2023-06-28 21:26:02.608,Xiaomi_CEB5_5G,f0:b4:29:da:ce:b7,-44,3.5,1.9
2023-06-28 21:26:02.611,Peppa Pig,48:a1:95:eb:c6:21,-61,3.5,1.9
2023-06-28 21:26:02.618,BUAA-Mobile,18:64:72:d3:21:b1,-47,3.5,1.9
2023-06-28 21:26:02.624,BUAA-WiFi,18:64:72:d3:21:b0,-49,3.5,1.9
2023-06-28 21:26:02.628,AP1_5G,f0:b4:29:db:56:86,-61,3.5,1.9
2023-06-28 21:26:02.630,Xiaomi_CEB5,f0:b4:29:da:ce:b6,-37,3.5,1.9
2023-06-28 21:26:02.632,AP1,f0:b4:29:db:56:85,-43,3.5,1.9
2023-06-28 21:26:02.635,Peppa Pig,48:a1:95:eb:c6:20,-55,3.5,1.9
2023-06-28 21:26:02.637,BUAA-WiFi,18:64:72:d3:29:40,-75,3.5,1.9
2023-06-28 21:26:02.639,BUAA-Mobile,18:64:72:d3:21:a1,-48,3.5,1.9
2023-06-28 21:26:02.641,BUAA-WiFi,18:64:72:d3:21:a0,-49,3.5,1.9
2023-06-28 21:26:02.643,BUAA-Mobile,18:64:72:d3:03:81,-56,3.5,1.9
2023-06-28 21:26:02.644,BUAA-WiFi,18:64:72:d3:03:80,-56,3.5,1.9
2023-06-28 21:26:02.646,CMT,28:64:b0:7b:b0:a0,-91,3.5,1.9
2023-06-28 21:26:03.609,Xiaomi_CEB5_5G,f0:b4:29:da:ce:b7,-44,3.5,1.9
2023-06-28 21:26:03.620,Peppa Pig,48:a1:95:eb:c6:21,-61,3.5,1.9
2023-06-28 21:26:03.623,BUAA-Mobile,18:64:72:d3:21:b1,-47,3.5,1.9
2023-06-28 21:26:03.626,BUAA-WiFi,18:64:72:d3:21:b0,-49,3.5,1.9
2023-06-28 21:26:03.628,AP1_5G,f0:b4:29:db:56:86,-61,3.5,1.9
2023-06-28 21:26:03.631,Xiaomi_CEB5,f0:b4:29:da:ce:b6,-37,3.5,1.9
2023-06-28 21:26:03.633,AP1,f0:b4:29:db:56:85,-43,3.5,1.9
2023-06-28 21:26:03.635,Peppa Pig,48:a1:95:eb:c6:20,-55,3.5,1.9
2023-06-28 21:26:03.638,BUAA-WiFi,18:64:72:d3:29:40,-75,3.5,1.9
2023-06-28 21:26:03.640,BUAA-Mobile,18:64:72:d3:21:a1,-48,3.5,1.9
2023-06-28 21:26:03.642,BUAA-WiFi,18:64:72:d3:21:a0,-49,3.5,1.9
2023-06-28 21:26:03.646,BUAA-Mobile,18:64:72:d3:03:81,-56,3.5,1.9
2023-06-28 21:26:03.648,BUAA-WiFi,18:64:72:d3:03:80,-56,3.5,1.9
2023-06-28 21:26:03.651,CMT,28:64:b0:7b:b0:a0,-91,3.5,1.9
2023-06-28 21:26:04.608,Xiaomi_CEB5_5G,f0:b4:29:da:ce:b7,-44,3.5,1.9
2023-06-28 21:26:04.614,Peppa Pig,48:a1:95:eb:c6:21,-61,3.5,1.9
2023-06-28 21:26:04.619,BUAA-Mobile,18:64:72:d3:21:b1,-47,3.5,1.9
2023-06-28 21:26:04.622,BUAA-WiFi,18:64:72:d3:21:b0,-49,3.5,1.9
2023-06-28 21:26:04.625,AP1_5G,f0:b4:29:db:56:86,-61,3.5,1.9
2023-06-28 21:26:04.628,Xiaomi_CEB5,f0:b4:29:da:ce:b6,-37,3.5,1.9
2023-06-28 21:26:04.630,AP1,f0:b4:29:db:56:85,-43,3.5,1.9
2023-06-28 21:26:04.632,Peppa Pig,48:a1:95:eb:c6:20,-55,3.5,1.9
2023-06-28 21:26:04.635,BUAA-WiFi,18:64:72:d3:29:40,-75,3.5,1.9
2023-06-28 21:26:04.637,BUAA-Mobile,18:64:72:d3:21:a1,-48,3.5,1.9
2023-06-28 21:26:04.639,BUAA-WiFi,18:64:72:d3:21:a0,-49,3.5,1.9
2023-06-28 21:26:04.641,BUAA-Mobile,18:64:72:d3:03:81,-56,3.5,1.9
2023-06-28 21:26:04.644,BUAA-WiFi,18:64:72:d3:03:80,-56,3.5,1.9
2023-06-28 21:26:04.646,CMT,28:64:b0:7b:b0:a0,-91,3.5,1.9
2023-06-28 21:26:05.608,Xiaomi_CEB5_5G,f0:b4:29:da:ce:b7,-44,3.5,1.9
2023-06-28 21:26:05.614,Peppa Pig,48:a1:95:eb:c6:21,-61,3.5,1.9
2023-06-28 21:26:05.619,BUAA-Mobile,18:64:72:d3:21:b1,-47,3.5,1.9
2023-06-28 21:26:05.624,BUAA-WiFi,18:64:72:d3:21:b0,-49,3.5,1.9
2023-06-28 21:26:05.629,AP1_5G,f0:b4:29:db:56:86,-61,3.5,1.9
2023-06-28 21:26:05.633,Xiaomi_CEB5,f0:b4:29:da:ce:b6,-37,3.5,1.9
2023-06-28 21:26:05.637,AP1,f0:b4:29:db:56:85,-43,3.5,1.9
2023-06-28 21:26:05.641,Peppa Pig,48:a1:95:eb:c6:20,-55,3.5,1.9
2023-06-28 21:26:05.644,BUAA-WiFi,18:64:72:d3:29:40,-75,3.5,1.9
2023-06-28 21:26:05.647,BUAA-Mobile,18:64:72:d3:21:a1,-48,3.5,1.9
2023-06-28 21:26:05.649,BUAA-WiFi,18:64:72:d3:21:a0,-49,3.5,1.9
2023-06-28 21:26:05.651,BUAA-Mobile,18:64:72:d3:03:81,-56,3.5,1.9
2023-06-28 21:26:05.653,BUAA-WiFi,18:64:72:d3:03:80,-56,3.5,1.9
2023-06-28 21:26:05.656,CMT,28:64:b0:7b:b0:a0,-91,3.5,1.9
2023-06-28 21:26:06.609,Xiaomi_CEB5_5G,f0:b4:29:da:ce:b7,-44,3.5,1.9
2023-06-28 21:26:06.617,Peppa Pig,48:a1:95:eb:c6:21,-61,3.5,1.9
2023-06-28 21:26:06.624,BUAA-Mobile,18:64:72:d3:21:b1,-47,3.5,1.9
2023-06-28 21:26:06.628,BUAA-WiFi,18:64:72:d3:21:b0,-49,3.5,1.9
2023-06-28 21:26:06.631,AP1_5G,f0:b4:29:db:56:86,-61,3.5,1.9
2023-06-28 21:26:06.636,Xiaomi_CEB5,f0:b4:29:da:ce:b6,-37,3.5,1.9
2023-06-28 21:26:06.641,AP1,f0:b4:29:db:56:85,-43,3.5,1.9
2023-06-28 21:26:06.646,Peppa Pig,48:a1:95:eb:c6:20,-55,3.5,1.9
2023-06-28 21:26:06.649,BUAA-WiFi,18:64:72:d3:29:40,-75,3.5,1.9
2023-06-28 21:26:06.652,BUAA-Mobile,18:64:72:d3:21:a1,-48,3.5,1.9
2023-06-28 21:26:06.655,BUAA-WiFi,18:64:72:d3:21:a0,-49,3.5,1.9
2023-06-28 21:26:06.659,BUAA-Mobile,18:64:72:d3:03:81,-56,3.5,1.9
2023-06-28 21:26:06.663,BUAA-WiFi,18:64:72:d3:03:80,-56,3.5,1.9
2023-06-28 21:26:06.666,CMT,28:64:b0:7b:b0:a0,-91,3.5,1.9
2023-06-28 21:26:07.609,Xiaomi_CEB5_5G,f0:b4:29:da:ce:b7,-44,3.5,1.9
2023-06-28 21:26:07.616,Peppa Pig,48:a1:95:eb:c6:21,-61,3.5,1.9
2023-06-28 21:26:07.623,BUAA-Mobile,18:64:72:d3:21:b1,-47,3.5,1.9
2023-06-28 21:26:07.626,BUAA-WiFi,18:64:72:d3:21:b0,-49,3.5,1.9
2023-06-28 21:26:07.629,AP1_5G,f0:b4:29:db:56:86,-61,3.5,1.9
2023-06-28 21:26:07.633,Xiaomi_CEB5,f0:b4:29:da:ce:b6,-37,3.5,1.9
2023-06-28 21:26:07.636,AP1,f0:b4:29:db:56:85,-43,3.5,1.9
2023-06-28 21:26:07.639,Peppa Pig,48:a1:95:eb:c6:20,-55,3.5,1.9
2023-06-28 21:26:07.642,BUAA-WiFi,18:64:72:d3:29:40,-75,3.5,1.9
2023-06-28 21:26:07.644,BUAA-Mobile,18:64:72:d3:21:a1,-48,3.5,1.9
2023-06-28 21:26:07.647,BUAA-WiFi,18:64:72:d3:21:a0,-49,3.5,1.9
2023-06-28 21:26:07.650,BUAA-Mobile,18:64:72:d3:03:81,-56,3.5,1.9
2023-06-28 21:26:07.653,BUAA-WiFi,18:64:72:d3:03:80,-56,3.5,1.9
2023-06-28 21:26:07.657,CMT,28:64:b0:7b:b0:a0,-91,3.5,1.9
2023-06-28 21:26:08.610,Xiaomi_CEB5_5G,f0:b4:29:da:ce:b7,-44,3.5,1.9
2023-06-28 21:26:08.619,Peppa Pig,48:a1:95:eb:c6:21,-61,3.5,1.9
2023-06-28 21:26:08.626,BUAA-Mobile,18:64:72:d3:21:b1,-47,3.5,1.9
2023-06-28 21:26:08.630,BUAA-WiFi,18:64:72:d3:21:b0,-49,3.5,1.9
2023-06-28 21:26:08.635,AP1_5G,f0:b4:29:db:56:86,-61,3.5,1.9
2023-06-28 21:26:08.640,Xiaomi_CEB5,f0:b4:29:da:ce:b6,-37,3.5,1.9
2023-06-28 21:26:08.644,AP1,f0:b4:29:db:56:85,-43,3.5,1.9
2023-06-28 21:26:08.648,Peppa Pig,48:a1:95:eb:c6:20,-55,3.5,1.9
2023-06-28 21:26:08.652,BUAA-WiFi,18:64:72:d3:29:40,-75,3.5,1.9
2023-06-28 21:26:08.656,BUAA-Mobile,18:64:72:d3:21:a1,-48,3.5,1.9
2023-06-28 21:26:08.660,BUAA-WiFi,18:64:72:d3:21:a0,-49,3.5,1.9
2023-06-28 21:26:08.665,BUAA-Mobile,18:64:72:d3:03:81,-56,3.5,1.9
2023-06-28 21:26:08.669,BUAA-WiFi,18:64:72:d3:03:80,-56,3.5,1.9
2023-06-28 21:26:08.674,CMT,28:64:b0:7b:b0:a0,-91,3.5,1.9
2023-06-28 21:26:09.610,Xiaomi_CEB5_5G,f0:b4:29:da:ce:b7,-44,3.5,1.9
2023-06-28 21:26:09.619,Peppa Pig,48:a1:95:eb:c6:21,-61,3.5,1.9
2023-06-28 21:26:09.624,BUAA-Mobile,18:64:72:d3:21:b1,-47,3.5,1.9
2023-06-28 21:26:09.627,BUAA-WiFi,18:64:72:d3:21:b0,-49,3.5,1.9
2023-06-28 21:26:09.630,AP1_5G,f0:b4:29:db:56:86,-61,3.5,1.9
2023-06-28 21:26:09.632,Xiaomi_CEB5,f0:b4:29:da:ce:b6,-37,3.5,1.9
2023-06-28 21:26:09.634,AP1,f0:b4:29:db:56:85,-43,3.5,1.9
2023-06-28 21:26:09.636,Peppa Pig,48:a1:95:eb:c6:20,-55,3.5,1.9
2023-06-28 21:26:09.639,BUAA-WiFi,18:64:72:d3:29:40,-75,3.5,1.9
2023-06-28 21:26:09.641,BUAA-Mobile,18:64:72:d3:21:a1,-48,3.5,1.9
2023-06-28 21:26:09.643,BUAA-WiFi,18:64:72:d3:21:a0,-49,3.5,1.9
2023-06-28 21:26:09.645,BUAA-Mobile,18:64:72:d3:03:81,-56,3.5,1.9
2023-06-28 21:26:09.647,BUAA-WiFi,18:64:72:d3:03:80,-56,3.5,1.9
2023-06-28 21:26:09.649,CMT,28:64:b0:7b:b0:a0,-91,3.5,1.9
2023-06-28 21:26:10.610,Xiaomi_CEB5_5G,f0:b4:29:da:ce:b7,-44,3.5,1.9
2023-06-28 21:26:10.614,Peppa Pig,48:a1:95:eb:c6:21,-61,3.5,1.9
2023-06-28 21:26:10.618,BUAA-Mobile,18:64:72:d3:21:b1,-47,3.5,1.9
2023-06-28 21:26:10.622,BUAA-WiFi,18:64:72:d3:21:b0,-49,3.5,1.9
2023-06-28 21:26:10.625,AP1_5G,f0:b4:29:db:56:86,-61,3.5,1.9
2023-06-28 21:26:10.629,Xiaomi_CEB5,f0:b4:29:da:ce:b6,-37,3.5,1.9
2023-06-28 21:26:10.632,AP1,f0:b4:29:db:56:85,-43,3.5,1.9
2023-06-28 21:26:10.635,Peppa Pig,48:a1:95:eb:c6:20,-55,3.5,1.9
2023-06-28 21:26:10.637,BUAA-WiFi,18:64:72:d3:29:40,-75,3.5,1.9
2023-06-28 21:26:10.639,BUAA-Mobile,18:64:72:d3:21:a1,-48,3.5,1.9
2023-06-28 21:26:10.642,BUAA-WiFi,18:64:72:d3:21:a0,-49,3.5,1.9
2023-06-28 21:26:10.644,BUAA-Mobile,18:64:72:d3:03:81,-56,3.5,1.9
2023-06-28 21:26:10.647,BUAA-WiFi,18:64:72:d3:03:80,-56,3.5,1.9
2023-06-28 21:26:10.650,CMT,28:64:b0:7b:b0:a0,-91,3.5,1.9
2023-06-28 21:26:11.610,Xiaomi_CEB5_5G,f0:b4:29:da:ce:b7,-44,3.5,1.9
2023-06-28 21:26:11.614,Peppa Pig,48:a1:95:eb:c6:21,-61,3.5,1.9
2023-06-28 21:26:11.619,BUAA-Mobile,18:64:72:d3:21:b1,-47,3.5,1.9
2023-06-28 21:26:11.620,BUAA-WiFi,18:64:72:d3:21:b0,-49,3.5,1.9
2023-06-28 21:26:11.622,AP1_5G,f0:b4:29:db:56:86,-61,3.5,1.9
2023-06-28 21:26:11.625,Xiaomi_CEB5,f0:b4:29:da:ce:b6,-37,3.5,1.9
2023-06-28 21:26:11.627,AP1,f0:b4:29:db:56:85,-43,3.5,1.9
2023-06-28 21:26:11.628,Peppa Pig,48:a1:95:eb:c6:20,-55,3.5,1.9
2023-06-28 21:26:11.629,BUAA-WiFi,18:64:72:d3:29:40,-75,3.5,1.9
2023-06-28 21:26:11.631,BUAA-Mobile,18:64:72:d3:21:a1,-48,3.5,1.9
2023-06-28 21:26:11.632,BUAA-WiFi,18:64:72:d3:21:a0,-49,3.5,1.9
2023-06-28 21:26:11.633,BUAA-Mobile,18:64:72:d3:03:81,-56,3.5,1.9
2023-06-28 21:26:11.634,BUAA-WiFi,18:64:72:d3:03:80,-56,3.5,1.9
2023-06-28 21:26:11.636,CMT,28:64:b0:7b:b0:a0,-91,3.5,1.9
2023-06-28 21:26:12.610,Xiaomi_CEB5_5G,f0:b4:29:da:ce:b7,-44,3.5,1.9
2023-06-28 21:26:12.616,Peppa Pig,48:a1:95:eb:c6:21,-61,3.5,1.9
2023-06-28 21:26:12.621,BUAA-Mobile,18:64:72:d3:21:b1,-47,3.5,1.9
2023-06-28 21:26:12.626,BUAA-WiFi,18:64:72:d3:21:b0,-49,3.5,1.9
2023-06-28 21:26:12.631,AP1_5G,f0:b4:29:db:56:86,-61,3.5,1.9
2023-06-28 21:26:12.635,Xiaomi_CEB5,f0:b4:29:da:ce:b6,-37,3.5,1.9
2023-06-28 21:26:12.639,AP1,f0:b4:29:db:56:85,-43,3.5,1.9
2023-06-28 21:26:12.643,Peppa Pig,48:a1:95:eb:c6:20,-55,3.5,1.9
2023-06-28 21:26:12.646,BUAA-WiFi,18:64:72:d3:29:40,-75,3.5,1.9
2023-06-28 21:26:12.649,BUAA-Mobile,18:64:72:d3:21:a1,-48,3.5,1.9
2023-06-28 21:26:12.652,BUAA-WiFi,18:64:72:d3:21:a0,-49,3.5,1.9
2023-06-28 21:26:12.655,BUAA-Mobile,18:64:72:d3:03:81,-56,3.5,1.9
2023-06-28 21:26:12.658,BUAA-WiFi,18:64:72:d3:03:80,-56,3.5,1.9
2023-06-28 21:26:12.661,CMT,28:64:b0:7b:b0:a0,-91,3.5,1.9
2023-06-28 21:26:13.609,Xiaomi_CEB5_5G,f0:b4:29:da:ce:b7,-44,3.5,1.9
2023-06-28 21:26:13.616,Peppa Pig,48:a1:95:eb:c6:21,-61,3.5,1.9
2023-06-28 21:26:13.620,BUAA-Mobile,18:64:72:d3:21:b1,-47,3.5,1.9
2023-06-28 21:26:13.622,BUAA-WiFi,18:64:72:d3:21:b0,-49,3.5,1.9
2023-06-28 21:26:13.625,AP1_5G,f0:b4:29:db:56:86,-61,3.5,1.9
2023-06-28 21:26:13.627,Xiaomi_CEB5,f0:b4:29:da:ce:b6,-37,3.5,1.9
2023-06-28 21:26:13.631,AP1,f0:b4:29:db:56:85,-43,3.5,1.9
2023-06-28 21:26:13.635,Peppa Pig,48:a1:95:eb:c6:20,-55,3.5,1.9
2023-06-28 21:26:13.639,BUAA-WiFi,18:64:72:d3:29:40,-75,3.5,1.9
2023-06-28 21:26:13.641,BUAA-Mobile,18:64:72:d3:21:a1,-48,3.5,1.9
2023-06-28 21:26:13.642,BUAA-WiFi,18:64:72:d3:21:a0,-49,3.5,1.9
2023-06-28 21:26:13.643,BUAA-Mobile,18:64:72:d3:03:81,-56,3.5,1.9
2023-06-28 21:26:13.645,BUAA-WiFi,18:64:72:d3:03:80,-56,3.5,1.9
2023-06-28 21:26:13.646,CMT,28:64:b0:7b:b0:a0,-91,3.5,1.9
2023-06-28 21:26:14.610,Xiaomi_CEB5_5G,f0:b4:29:da:ce:b7,-44,3.5,1.9
2023-06-28 21:26:14.618,Peppa Pig,48:a1:95:eb:c6:21,-61,3.5,1.9
2023-06-28 21:26:14.624,BUAA-Mobile,18:64:72:d3:21:b1,-47,3.5,1.9
2023-06-28 21:26:14.628,BUAA-WiFi,18:64:72:d3:21:b0,-49,3.5,1.9
2023-06-28 21:26:14.630,AP1_5G,f0:b4:29:db:56:86,-61,3.5,1.9
2023-06-28 21:26:14.632,Xiaomi_CEB5,f0:b4:29:da:ce:b6,-37,3.5,1.9
2023-06-28 21:26:14.635,AP1,f0:b4:29:db:56:85,-43,3.5,1.9
2023-06-28 21:26:14.637,Peppa Pig,48:a1:95:eb:c6:20,-55,3.5,1.9
2023-06-28 21:26:14.640,BUAA-WiFi,18:64:72:d3:29:40,-75,3.5,1.9
2023-06-28 21:26:14.642,BUAA-Mobile,18:64:72:d3:21:a1,-48,3.5,1.9
2023-06-28 21:26:14.644,BUAA-WiFi,18:64:72:d3:21:a0,-49,3.5,1.9
2023-06-28 21:26:14.646,BUAA-Mobile,18:64:72:d3:03:81,-56,3.5,1.9
2023-06-28 21:26:14.647,BUAA-WiFi,18:64:72:d3:03:80,-56,3.5,1.9
2023-06-28 21:26:14.649,CMT,28:64:b0:7b:b0:a0,-91,3.5,1.9
2023-06-28 21:26:15.609,Xiaomi_CEB5_5G,f0:b4:29:da:ce:b7,-44,3.5,1.9
2023-06-28 21:26:15.615,Peppa Pig,48:a1:95:eb:c6:21,-61,3.5,1.9
2023-06-28 21:26:15.620,BUAA-Mobile,18:64:72:d3:21:b1,-47,3.5,1.9
2023-06-28 21:26:15.624,BUAA-WiFi,18:64:72:d3:21:b0,-49,3.5,1.9
2023-06-28 21:26:15.627,AP1_5G,f0:b4:29:db:56:86,-61,3.5,1.9
2023-06-28 21:26:15.630,Xiaomi_CEB5,f0:b4:29:da:ce:b6,-37,3.5,1.9
2023-06-28 21:26:15.632,AP1,f0:b4:29:db:56:85,-43,3.5,1.9
2023-06-28 21:26:15.634,Peppa Pig,48:a1:95:eb:c6:20,-55,3.5,1.9
2023-06-28 21:26:15.636,BUAA-WiFi,18:64:72:d3:29:40,-75,3.5,1.9
2023-06-28 21:26:15.639,BUAA-Mobile,18:64:72:d3:21:a1,-48,3.5,1.9
2023-06-28 21:26:15.641,BUAA-WiFi,18:64:72:d3:21:a0,-49,3.5,1.9
2023-06-28 21:26:15.643,BUAA-Mobile,18:64:72:d3:03:81,-56,3.5,1.9
2023-06-28 21:26:15.645,BUAA-WiFi,18:64:72:d3:03:80,-56,3.5,1.9
2023-06-28 21:26:15.646,CMT,28:64:b0:7b:b0:a0,-91,3.5,1.9
2023-06-28 21:26:16.610,Xiaomi_CEB5_5G,f0:b4:29:da:ce:b7,-44,3.5,1.9
2023-06-28 21:26:16.617,Peppa Pig,48:a1:95:eb:c6:21,-61,3.5,1.9
2023-06-28 21:26:16.622,BUAA-Mobile,18:64:72:d3:21:b1,-47,3.5,1.9
2023-06-28 21:26:16.625,BUAA-WiFi,18:64:72:d3:21:b0,-49,3.5,1.9
2023-06-28 21:26:16.627,AP1_5G,f0:b4:29:db:56:86,-61,3.5,1.9
2023-06-28 21:26:16.629,Xiaomi_CEB5,f0:b4:29:da:ce:b6,-37,3.5,1.9
2023-06-28 21:26:16.632,AP1,f0:b4:29:db:56:85,-43,3.5,1.9
2023-06-28 21:26:16.634,Peppa Pig,48:a1:95:eb:c6:20,-55,3.5,1.9
2023-06-28 21:26:16.636,BUAA-WiFi,18:64:72:d3:29:40,-75,3.5,1.9
2023-06-28 21:26:16.639,BUAA-Mobile,18:64:72:d3:21:a1,-48,3.5,1.9
2023-06-28 21:26:16.641,BUAA-WiFi,18:64:72:d3:21:a0,-49,3.5,1.9
2023-06-28 21:26:16.643,BUAA-Mobile,18:64:72:d3:03:81,-56,3.5,1.9
2023-06-28 21:26:16.646,BUAA-WiFi,18:64:72:d3:03:80,-56,3.5,1.9
2023-06-28 21:26:16.648,CMT,28:64:b0:7b:b0:a0,-91,3.5,1.9
2023-06-28 21:26:17.611,Xiaomi_CEB5_5G,f0:b4:29:da:ce:b7,-44,3.5,1.9
2023-06-28 21:26:17.617,Peppa Pig,48:a1:95:eb:c6:21,-61,3.5,1.9
2023-06-28 21:26:17.622,BUAA-Mobile,18:64:72:d3:21:b1,-47,3.5,1.9
2023-06-28 21:26:17.627,BUAA-WiFi,18:64:72:d3:21:b0,-49,3.5,1.9
2023-06-28 21:26:17.630,AP1_5G,f0:b4:29:db:56:86,-61,3.5,1.9
2023-06-28 21:26:17.632,Xiaomi_CEB5,f0:b4:29:da:ce:b6,-37,3.5,1.9
2023-06-28 21:26:17.634,AP1,f0:b4:29:db:56:85,-43,3.5,1.9
2023-06-28 21:26:17.637,Peppa Pig,48:a1:95:eb:c6:20,-55,3.5,1.9
2023-06-28 21:26:17.639,BUAA-WiFi,18:64:72:d3:29:40,-75,3.5,1.9
2023-06-28 21:26:17.641,BUAA-Mobile,18:64:72:d3:21:a1,-48,3.5,1.9
2023-06-28 21:26:17.644,BUAA-WiFi,18:64:72:d3:21:a0,-49,3.5,1.9
2023-06-28 21:26:17.647,BUAA-Mobile,18:64:72:d3:03:81,-56,3.5,1.9
2023-06-28 21:26:17.649,BUAA-WiFi,18:64:72:d3:03:80,-56,3.5,1.9
2023-06-28 21:26:17.651,CMT,28:64:b0:7b:b0:a0,-91,3.5,1.9
2023-06-28 21:26:18.611,Xiaomi_CEB5_5G,f0:b4:29:da:ce:b7,-44,3.5,1.9
2023-06-28 21:26:18.624,Peppa Pig,48:a1:95:eb:c6:21,-61,3.5,1.9
2023-06-28 21:26:18.629,BUAA-Mobile,18:64:72:d3:21:b1,-47,3.5,1.9
2023-06-28 21:26:18.632,BUAA-WiFi,18:64:72:d3:21:b0,-49,3.5,1.9
2023-06-28 21:26:18.634,AP1_5G,f0:b4:29:db:56:86,-61,3.5,1.9
2023-06-28 21:26:18.637,Xiaomi_CEB5,f0:b4:29:da:ce:b6,-37,3.5,1.9
2023-06-28 21:26:18.639,AP1,f0:b4:29:db:56:85,-43,3.5,1.9
2023-06-28 21:26:18.641,Peppa Pig,48:a1:95:eb:c6:20,-55,3.5,1.9
2023-06-28 21:26:18.644,BUAA-WiFi,18:64:72:d3:29:40,-75,3.5,1.9
2023-06-28 21:26:18.646,BUAA-Mobile,18:64:72:d3:21:a1,-48,3.5,1.9
2023-06-28 21:26:18.648,BUAA-WiFi,18:64:72:d3:21:a0,-49,3.5,1.9
2023-06-28 21:26:18.651,BUAA-Mobile,18:64:72:d3:03:81,-56,3.5,1.9
2023-06-28 21:26:18.653,BUAA-WiFi,18:64:72:d3:03:80,-56,3.5,1.9
2023-06-28 21:26:18.656,CMT,28:64:b0:7b:b0:a0,-91,3.5,1.9
2023-06-28 21:26:19.612,Xiaomi_CEB5_5G,f0:b4:29:da:ce:b7,-44,3.5,1.9
2023-06-28 21:26:19.619,Peppa Pig,48:a1:95:eb:c6:21,-61,3.5,1.9
2023-06-28 21:26:19.623,BUAA-Mobile,18:64:72:d3:21:b1,-47,3.5,1.9
2023-06-28 21:26:19.627,BUAA-WiFi,18:64:72:d3:21:b0,-49,3.5,1.9
2023-06-28 21:26:19.630,AP1_5G,f0:b4:29:db:56:86,-61,3.5,1.9
2023-06-28 21:26:19.632,Xiaomi_CEB5,f0:b4:29:da:ce:b6,-37,3.5,1.9
2023-06-28 21:26:19.634,AP1,f0:b4:29:db:56:85,-43,3.5,1.9
2023-06-28 21:26:19.637,Peppa Pig,48:a1:95:eb:c6:20,-55,3.5,1.9
2023-06-28 21:26:19.639,BUAA-WiFi,18:64:72:d3:29:40,-75,3.5,1.9
2023-06-28 21:26:19.641,BUAA-Mobile,18:64:72:d3:21:a1,-48,3.5,1.9
2023-06-28 21:26:19.643,BUAA-WiFi,18:64:72:d3:21:a0,-49,3.5,1.9
2023-06-28 21:26:19.646,BUAA-Mobile,18:64:72:d3:03:81,-56,3.5,1.9
2023-06-28 21:26:19.648,BUAA-WiFi,18:64:72:d3:03:80,-56,3.5,1.9
2023-06-28 21:26:19.650,CMT,28:64:b0:7b:b0:a0,-91,3.5,1.9
2023-06-28 21:26:20.613,Xiaomi_CEB5_5G,f0:b4:29:da:ce:b7,-44,3.5,1.9
2023-06-28 21:26:20.617,Peppa Pig,48:a1:95:eb:c6:21,-61,3.5,1.9
2023-06-28 21:26:20.619,BUAA-Mobile,18:64:72:d3:21:b1,-47,3.5,1.9
2023-06-28 21:26:20.621,BUAA-WiFi,18:64:72:d3:21:b0,-49,3.5,1.9
2023-06-28 21:26:20.623,AP1_5G,f0:b4:29:db:56:86,-61,3.5,1.9
2023-06-28 21:26:20.626,Xiaomi_CEB5,f0:b4:29:da:ce:b6,-37,3.5,1.9
2023-06-28 21:26:20.628,AP1,f0:b4:29:db:56:85,-43,3.5,1.9
2023-06-28 21:26:20.630,Peppa Pig,48:a1:95:eb:c6:20,-55,3.5,1.9
2023-06-28 21:26:20.632,BUAA-WiFi,18:64:72:d3:29:40,-75,3.5,1.9
2023-06-28 21:26:20.634,BUAA-Mobile,18:64:72:d3:21:a1,-48,3.5,1.9
2023-06-28 21:26:20.637,BUAA-WiFi,18:64:72:d3:21:a0,-49,3.5,1.9
2023-06-28 21:26:20.639,BUAA-Mobile,18:64:72:d3:03:81,-56,3.5,1.9
2023-06-28 21:26:20.641,BUAA-WiFi,18:64:72:d3:03:80,-56,3.5,1.9
2023-06-28 21:26:20.644,CMT,28:64:b0:7b:b0:a0,-91,3.5,1.9
2023-06-28 21:26:21.613,Xiaomi_CEB5_5G,f0:b4:29:da:ce:b7,-44,3.5,1.9
2023-06-28 21:26:21.620,Peppa Pig,48:a1:95:eb:c6:21,-61,3.5,1.9
2023-06-28 21:26:21.625,BUAA-Mobile,18:64:72:d3:21:b1,-47,3.5,1.9
2023-06-28 21:26:21.629,BUAA-WiFi,18:64:72:d3:21:b0,-49,3.5,1.9
2023-06-28 21:26:21.631,AP1_5G,f0:b4:29:db:56:86,-61,3.5,1.9
2023-06-28 21:26:21.634,Xiaomi_CEB5,f0:b4:29:da:ce:b6,-37,3.5,1.9
2023-06-28 21:26:21.636,AP1,f0:b4:29:db:56:85,-43,3.5,1.9
2023-06-28 21:26:21.639,Peppa Pig,48:a1:95:eb:c6:20,-55,3.5,1.9
2023-06-28 21:26:21.641,BUAA-WiFi,18:64:72:d3:29:40,-75,3.5,1.9
2023-06-28 21:26:21.644,BUAA-Mobile,18:64:72:d3:21:a1,-48,3.5,1.9
2023-06-28 21:26:21.646,BUAA-WiFi,18:64:72:d3:21:a0,-49,3.5,1.9
2023-06-28 21:26:21.648,BUAA-Mobile,18:64:72:d3:03:81,-56,3.5,1.9
2023-06-28 21:26:21.650,BUAA-WiFi,18:64:72:d3:03:80,-56,3.5,1.9
2023-06-28 21:26:21.652,CMT,28:64:b0:7b:b0:a0,-91,3.5,1.9
2023-06-28 21:26:22.612,Xiaomi_CEB5_5G,f0:b4:29:da:ce:b7,-44,3.5,1.9
2023-06-28 21:26:22.616,Peppa Pig,48:a1:95:eb:c6:21,-61,3.5,1.9
2023-06-28 21:26:22.619,BUAA-Mobile,18:64:72:d3:21:b1,-47,3.5,1.9
2023-06-28 21:26:22.621,BUAA-WiFi,18:64:72:d3:21:b0,-49,3.5,1.9
2023-06-28 21:26:22.623,AP1_5G,f0:b4:29:db:56:86,-61,3.5,1.9
2023-06-28 21:26:22.626,Xiaomi_CEB5,f0:b4:29:da:ce:b6,-37,3.5,1.9
2023-06-28 21:26:22.628,AP1,f0:b4:29:db:56:85,-43,3.5,1.9
2023-06-28 21:26:22.630,Peppa Pig,48:a1:95:eb:c6:20,-55,3.5,1.9
2023-06-28 21:26:22.632,BUAA-WiFi,18:64:72:d3:29:40,-75,3.5,1.9
2023-06-28 21:26:22.634,BUAA-Mobile,18:64:72:d3:21:a1,-48,3.5,1.9
2023-06-28 21:26:22.636,BUAA-WiFi,18:64:72:d3:21:a0,-49,3.5,1.9
2023-06-28 21:26:22.640,BUAA-Mobile,18:64:72:d3:03:81,-56,3.5,1.9
2023-06-28 21:26:22.643,BUAA-WiFi,18:64:72:d3:03:80,-56,3.5,1.9
2023-06-28 21:26:22.645,CMT,28:64:b0:7b:b0:a0,-91,3.5,1.9
2023-06-28 21:26:23.612,Xiaomi_CEB5_5G,f0:b4:29:da:ce:b7,-44,3.5,1.9
2023-06-28 21:26:23.617,Peppa Pig,48:a1:95:eb:c6:21,-61,3.5,1.9
2023-06-28 21:26:23.620,BUAA-Mobile,18:64:72:d3:21:b1,-47,3.5,1.9
2023-06-28 21:26:23.621,BUAA-WiFi,18:64:72:d3:21:b0,-49,3.5,1.9
2023-06-28 21:26:23.623,AP1_5G,f0:b4:29:db:56:86,-61,3.5,1.9
2023-06-28 21:26:23.624,Xiaomi_CEB5,f0:b4:29:da:ce:b6,-37,3.5,1.9
2023-06-28 21:26:23.625,AP1,f0:b4:29:db:56:85,-43,3.5,1.9
2023-06-28 21:26:23.626,Peppa Pig,48:a1:95:eb:c6:20,-55,3.5,1.9
2023-06-28 21:26:23.627,BUAA-WiFi,18:64:72:d3:29:40,-75,3.5,1.9
2023-06-28 21:26:23.628,BUAA-Mobile,18:64:72:d3:21:a1,-48,3.5,1.9
2023-06-28 21:26:23.629,BUAA-WiFi,18:64:72:d3:21:a0,-49,3.5,1.9
2023-06-28 21:26:23.630,BUAA-Mobile,18:64:72:d3:03:81,-56,3.5,1.9
2023-06-28 21:26:23.631,BUAA-WiFi,18:64:72:d3:03:80,-56,3.5,1.9
2023-06-28 21:26:23.632,CMT,28:64:b0:7b:b0:a0,-91,3.5,1.9
2023-06-28 21:26:24.613,Xiaomi_CEB5_5G,f0:b4:29:da:ce:b7,-44,3.5,1.9
2023-06-28 21:26:24.623,Peppa Pig,48:a1:95:eb:c6:21,-61,3.5,1.9
2023-06-28 21:26:24.628,BUAA-Mobile,18:64:72:d3:21:b1,-47,3.5,1.9
2023-06-28 21:26:24.630,BUAA-WiFi,18:64:72:d3:21:b0,-49,3.5,1.9
2023-06-28 21:26:24.633,AP1_5G,f0:b4:29:db:56:86,-61,3.5,1.9
2023-06-28 21:26:24.636,Xiaomi_CEB5,f0:b4:29:da:ce:b6,-37,3.5,1.9
2023-06-28 21:26:24.641,AP1,f0:b4:29:db:56:85,-43,3.5,1.9
2023-06-28 21:26:24.644,Peppa Pig,48:a1:95:eb:c6:20,-55,3.5,1.9
2023-06-28 21:26:24.648,BUAA-WiFi,18:64:72:d3:29:40,-75,3.5,1.9
2023-06-28 21:26:24.650,BUAA-Mobile,18:64:72:d3:21:a1,-48,3.5,1.9
2023-06-28 21:26:24.653,BUAA-WiFi,18:64:72:d3:21:a0,-49,3.5,1.9
2023-06-28 21:26:24.656,BUAA-Mobile,18:64:72:d3:03:81,-56,3.5,1.9
2023-06-28 21:26:24.659,BUAA-WiFi,18:64:72:d3:03:80,-56,3.5,1.9
2023-06-28 21:26:24.662,CMT,28:64:b0:7b:b0:a0,-91,3.5,1.9
2023-06-28 21:26:25.613,Xiaomi_CEB5_5G,f0:b4:29:da:ce:b7,-44,3.5,1.9
2023-06-28 21:26:25.620,Peppa Pig,48:a1:95:eb:c6:21,-61,3.5,1.9
2023-06-28 21:26:25.625,BUAA-Mobile,18:64:72:d3:21:b1,-47,3.5,1.9
2023-06-28 21:26:25.629,BUAA-WiFi,18:64:72:d3:21:b0,-49,3.5,1.9
2023-06-28 21:26:25.633,AP1_5G,f0:b4:29:db:56:86,-61,3.5,1.9
2023-06-28 21:26:25.636,Xiaomi_CEB5,f0:b4:29:da:ce:b6,-37,3.5,1.9
2023-06-28 21:26:25.639,AP1,f0:b4:29:db:56:85,-43,3.5,1.9
2023-06-28 21:26:25.641,Peppa Pig,48:a1:95:eb:c6:20,-55,3.5,1.9
2023-06-28 21:26:25.643,BUAA-WiFi,18:64:72:d3:29:40,-75,3.5,1.9
2023-06-28 21:26:25.645,BUAA-Mobile,18:64:72:d3:21:a1,-48,3.5,1.9
2023-06-28 21:26:25.646,BUAA-WiFi,18:64:72:d3:21:a0,-49,3.5,1.9
2023-06-28 21:26:25.648,BUAA-Mobile,18:64:72:d3:03:81,-56,3.5,1.9
2023-06-28 21:26:25.649,BUAA-WiFi,18:64:72:d3:03:80,-56,3.5,1.9
2023-06-28 21:26:25.650,CMT,28:64:b0:7b:b0:a0,-91,3.5,1.9
2023-06-28 21:26:26.613,Xiaomi_CEB5_5G,f0:b4:29:da:ce:b7,-44,3.5,1.9
2023-06-28 21:26:26.617,Peppa Pig,48:a1:95:eb:c6:21,-61,3.5,1.9
2023-06-28 21:26:26.619,BUAA-Mobile,18:64:72:d3:21:b1,-47,3.5,1.9
2023-06-28 21:26:26.621,BUAA-WiFi,18:64:72:d3:21:b0,-49,3.5,1.9
2023-06-28 21:26:26.624,AP1_5G,f0:b4:29:db:56:86,-61,3.5,1.9
2023-06-28 21:26:26.626,Xiaomi_CEB5,f0:b4:29:da:ce:b6,-37,3.5,1.9
2023-06-28 21:26:26.628,AP1,f0:b4:29:db:56:85,-43,3.5,1.9
2023-06-28 21:26:26.629,Peppa Pig,48:a1:95:eb:c6:20,-55,3.5,1.9
2023-06-28 21:26:26.631,BUAA-WiFi,18:64:72:d3:29:40,-75,3.5,1.9
2023-06-28 21:26:26.634,BUAA-Mobile,18:64:72:d3:21:a1,-48,3.5,1.9
2023-06-28 21:26:26.636,BUAA-WiFi,18:64:72:d3:21:a0,-49,3.5,1.9
2023-06-28 21:26:26.637,BUAA-Mobile,18:64:72:d3:03:81,-56,3.5,1.9
2023-06-28 21:26:26.638,BUAA-WiFi,18:64:72:d3:03:80,-56,3.5,1.9
2023-06-28 21:26:26.640,CMT,28:64:b0:7b:b0:a0,-91,3.5,1.9
2023-06-28 21:26:27.613,Xiaomi_CEB5_5G,f0:b4:29:da:ce:b7,-44,3.5,1.9
2023-06-28 21:26:27.616,Peppa Pig,48:a1:95:eb:c6:21,-61,3.5,1.9
2023-06-28 21:26:27.618,BUAA-Mobile,18:64:72:d3:21:b1,-47,3.5,1.9
2023-06-28 21:26:27.621,BUAA-WiFi,18:64:72:d3:21:b0,-49,3.5,1.9
2023-06-28 21:26:27.624,AP1_5G,f0:b4:29:db:56:86,-61,3.5,1.9
2023-06-28 21:26:27.627,Xiaomi_CEB5,f0:b4:29:da:ce:b6,-37,3.5,1.9
2023-06-28 21:26:27.629,AP1,f0:b4:29:db:56:85,-43,3.5,1.9
2023-06-28 21:26:27.632,Peppa Pig,48:a1:95:eb:c6:20,-55,3.5,1.9
2023-06-28 21:26:27.635,BUAA-WiFi,18:64:72:d3:29:40,-75,3.5,1.9
2023-06-28 21:26:27.637,BUAA-Mobile,18:64:72:d3:21:a1,-48,3.5,1.9
2023-06-28 21:26:27.638,BUAA-WiFi,18:64:72:d3:21:a0,-49,3.5,1.9
2023-06-28 21:26:27.640,BUAA-Mobile,18:64:72:d3:03:81,-56,3.5,1.9
2023-06-28 21:26:27.643,BUAA-WiFi,18:64:72:d3:03:80,-56,3.5,1.9
2023-06-28 21:26:27.645,CMT,28:64:b0:7b:b0:a0,-91,3.5,1.9
2023-06-28 21:26:28.613,Xiaomi_CEB5_5G,f0:b4:29:da:ce:b7,-44,3.5,1.9
2023-06-28 21:26:28.618,Peppa Pig,48:a1:95:eb:c6:21,-61,3.5,1.9
2023-06-28 21:26:28.621,BUAA-Mobile,18:64:72:d3:21:b1,-47,3.5,1.9
2023-06-28 21:26:28.623,BUAA-WiFi,18:64:72:d3:21:b0,-49,3.5,1.9
2023-06-28 21:26:28.625,AP1_5G,f0:b4:29:db:56:86,-61,3.5,1.9
2023-06-28 21:26:28.628,Xiaomi_CEB5,f0:b4:29:da:ce:b6,-37,3.5,1.9
2023-06-28 21:26:28.630,AP1,f0:b4:29:db:56:85,-43,3.5,1.9
2023-06-28 21:26:28.633,Peppa Pig,48:a1:95:eb:c6:20,-55,3.5,1.9
2023-06-28 21:26:28.635,BUAA-WiFi,18:64:72:d3:29:40,-75,3.5,1.9
2023-06-28 21:26:28.639,BUAA-Mobile,18:64:72:d3:21:a1,-48,3.5,1.9
2023-06-28 21:26:28.643,BUAA-WiFi,18:64:72:d3:21:a0,-49,3.5,1.9
2023-06-28 21:26:28.645,BUAA-Mobile,18:64:72:d3:03:81,-56,3.5,1.9
2023-06-28 21:26:28.647,BUAA-WiFi,18:64:72:d3:03:80,-56,3.5,1.9
2023-06-28 21:26:28.649,CMT,28:64:b0:7b:b0:a0,-91,3.5,1.9
2023-06-28 21:26:29.614,Xiaomi_CEB5_5G,f0:b4:29:da:ce:b7,-44,3.5,1.9
2023-06-28 21:26:29.623,Peppa Pig,48:a1:95:eb:c6:21,-61,3.5,1.9
2023-06-28 21:26:29.631,BUAA-Mobile,18:64:72:d3:21:b1,-47,3.5,1.9
2023-06-28 21:26:29.639,BUAA-WiFi,18:64:72:d3:21:b0,-49,3.5,1.9
2023-06-28 21:26:29.641,AP1_5G,f0:b4:29:db:56:86,-61,3.5,1.9
2023-06-28 21:26:29.644,Xiaomi_CEB5,f0:b4:29:da:ce:b6,-37,3.5,1.9
2023-06-28 21:26:29.646,AP1,f0:b4:29:db:56:85,-43,3.5,1.9
2023-06-28 21:26:29.649,Peppa Pig,48:a1:95:eb:c6:20,-55,3.5,1.9
2023-06-28 21:26:29.651,BUAA-WiFi,18:64:72:d3:29:40,-75,3.5,1.9
2023-06-28 21:26:29.654,BUAA-Mobile,18:64:72:d3:21:a1,-48,3.5,1.9
2023-06-28 21:26:29.656,BUAA-WiFi,18:64:72:d3:21:a0,-49,3.5,1.9
2023-06-28 21:26:29.658,BUAA-Mobile,18:64:72:d3:03:81,-56,3.5,1.9
2023-06-28 21:26:29.660,BUAA-WiFi,18:64:72:d3:03:80,-56,3.5,1.9
2023-06-28 21:26:29.663,CMT,28:64:b0:7b:b0:a0,-91,3.5,1.9
2023-06-28 21:26:30.614,Xiaomi_CEB5_5G,f0:b4:29:da:ce:b7,-44,3.5,1.9
2023-06-28 21:26:30.621,Peppa Pig,48:a1:95:eb:c6:21,-61,3.5,1.9
2023-06-28 21:26:30.630,BUAA-Mobile,18:64:72:d3:21:b1,-47,3.5,1.9
2023-06-28 21:26:30.637,BUAA-WiFi,18:64:72:d3:21:b0,-49,3.5,1.9
2023-06-28 21:26:30.642,AP1_5G,f0:b4:29:db:56:86,-61,3.5,1.9
2023-06-28 21:26:30.647,Xiaomi_CEB5,f0:b4:29:da:ce:b6,-37,3.5,1.9
2023-06-28 21:26:30.651,AP1,f0:b4:29:db:56:85,-43,3.5,1.9
2023-06-28 21:26:30.655,Peppa Pig,48:a1:95:eb:c6:20,-55,3.5,1.9
2023-06-28 21:26:30.658,BUAA-WiFi,18:64:72:d3:29:40,-75,3.5,1.9
2023-06-28 21:26:30.662,BUAA-Mobile,18:64:72:d3:21:a1,-48,3.5,1.9
2023-06-28 21:26:30.666,BUAA-WiFi,18:64:72:d3:21:a0,-49,3.5,1.9
2023-06-28 21:26:30.671,BUAA-Mobile,18:64:72:d3:03:81,-56,3.5,1.9
2023-06-28 21:26:30.674,BUAA-WiFi,18:64:72:d3:03:80,-56,3.5,1.9
2023-06-28 21:26:30.678,CMT,28:64:b0:7b:b0:a0,-91,3.5,1.9
2023-06-28 21:26:31.615,Xiaomi_CEB5_5G,f0:b4:29:da:ce:b7,-44,3.5,1.9
2023-06-28 21:26:31.624,Peppa Pig,48:a1:95:eb:c6:21,-61,3.5,1.9
2023-06-28 21:26:31.630,BUAA-Mobile,18:64:72:d3:21:b1,-47,3.5,1.9
2023-06-28 21:26:31.634,BUAA-WiFi,18:64:72:d3:21:b0,-49,3.5,1.9
2023-06-28 21:26:31.641,AP1_5G,f0:b4:29:db:56:86,-61,3.5,1.9
2023-06-28 21:26:31.645,Xiaomi_CEB5,f0:b4:29:da:ce:b6,-37,3.5,1.9
2023-06-28 21:26:31.648,AP1,f0:b4:29:db:56:85,-43,3.5,1.9
2023-06-28 21:26:31.650,Peppa Pig,48:a1:95:eb:c6:20,-55,3.5,1.9
2023-06-28 21:26:31.653,BUAA-WiFi,18:64:72:d3:29:40,-75,3.5,1.9
2023-06-28 21:26:31.655,BUAA-Mobile,18:64:72:d3:21:a1,-48,3.5,1.9
2023-06-28 21:26:31.657,BUAA-WiFi,18:64:72:d3:21:a0,-49,3.5,1.9
2023-06-28 21:26:31.659,BUAA-Mobile,18:64:72:d3:03:81,-56,3.5,1.9
2023-06-28 21:26:31.661,BUAA-WiFi,18:64:72:d3:03:80,-56,3.5,1.9
2023-06-28 21:26:31.663,CMT,28:64:b0:7b:b0:a0,-91,3.5,1.9
2023-06-28 21:26:32.615,Xiaomi_CEB5_5G,f0:b4:29:da:ce:b7,-44,3.5,1.9
2023-06-28 21:26:32.622,Peppa Pig,48:a1:95:eb:c6:21,-61,3.5,1.9
2023-06-28 21:26:32.627,BUAA-Mobile,18:64:72:d3:21:b1,-47,3.5,1.9
2023-06-28 21:26:32.632,BUAA-WiFi,18:64:72:d3:21:b0,-49,3.5,1.9
2023-06-28 21:26:32.638,AP1_5G,f0:b4:29:db:56:86,-61,3.5,1.9
2023-06-28 21:26:32.642,Xiaomi_CEB5,f0:b4:29:da:ce:b6,-37,3.5,1.9
2023-06-28 21:26:32.645,AP1,f0:b4:29:db:56:85,-43,3.5,1.9
2023-06-28 21:26:32.648,Peppa Pig,48:a1:95:eb:c6:20,-55,3.5,1.9
2023-06-28 21:26:32.651,BUAA-WiFi,18:64:72:d3:29:40,-75,3.5,1.9
2023-06-28 21:26:32.654,BUAA-Mobile,18:64:72:d3:21:a1,-48,3.5,1.9
2023-06-28 21:26:32.656,BUAA-WiFi,18:64:72:d3:21:a0,-49,3.5,1.9
2023-06-28 21:26:32.659,BUAA-Mobile,18:64:72:d3:03:81,-56,3.5,1.9
2023-06-28 21:26:32.662,BUAA-WiFi,18:64:72:d3:03:80,-56,3.5,1.9
2023-06-28 21:26:32.664,CMT,28:64:b0:7b:b0:a0,-91,3.5,1.9
2023-06-28 21:26:33.615,Xiaomi_CEB5_5G,f0:b4:29:da:ce:b7,-44,3.5,1.9
2023-06-28 21:26:33.620,Peppa Pig,48:a1:95:eb:c6:21,-61,3.5,1.9
2023-06-28 21:26:33.622,BUAA-Mobile,18:64:72:d3:21:b1,-47,3.5,1.9
2023-06-28 21:26:33.625,BUAA-WiFi,18:64:72:d3:21:b0,-49,3.5,1.9
2023-06-28 21:26:33.628,AP1_5G,f0:b4:29:db:56:86,-61,3.5,1.9
2023-06-28 21:26:33.630,Xiaomi_CEB5,f0:b4:29:da:ce:b6,-37,3.5,1.9
2023-06-28 21:26:33.633,AP1,f0:b4:29:db:56:85,-43,3.5,1.9
2023-06-28 21:26:33.635,Peppa Pig,48:a1:95:eb:c6:20,-55,3.5,1.9
2023-06-28 21:26:33.637,BUAA-WiFi,18:64:72:d3:29:40,-75,3.5,1.9
2023-06-28 21:26:33.639,BUAA-Mobile,18:64:72:d3:21:a1,-48,3.5,1.9
2023-06-28 21:26:33.641,BUAA-WiFi,18:64:72:d3:21:a0,-49,3.5,1.9
2023-06-28 21:26:33.643,BUAA-Mobile,18:64:72:d3:03:81,-56,3.5,1.9
2023-06-28 21:26:33.644,BUAA-WiFi,18:64:72:d3:03:80,-56,3.5,1.9
2023-06-28 21:26:33.646,CMT,28:64:b0:7b:b0:a0,-91,3.5,1.9
2023-06-28 21:26:34.615,Xiaomi_CEB5_5G,f0:b4:29:da:ce:b7,-69,3.5,1.9
2023-06-28 21:26:34.621,Peppa Pig,48:a1:95:eb:c6:21,-74,3.5,1.9
2023-06-28 21:26:34.626,BUAA-Mobile,18:64:72:d3:21:b1,-54,3.5,1.9
2023-06-28 21:26:34.628,BUAA-WiFi,18:64:72:d3:21:b0,-55,3.5,1.9
2023-06-28 21:26:34.634,AP1_5G,f0:b4:29:db:56:86,-47,3.5,1.9
2023-06-28 21:26:34.638,AP1,f0:b4:29:db:56:85,-43,3.5,1.9
2023-06-28 21:26:34.641,BUAA-Mobile,18:64:72:d3:03:91,-81,3.5,1.9
2023-06-28 21:26:34.643,BUAA-WiFi,18:64:72:d3:03:90,-81,3.5,1.9
2023-06-28 21:26:34.644,TP-LINK_93C7C3,88:25:93:93:c7:c3,-92,3.5,1.9
2023-06-28 21:26:34.647,BUAA-Mobile,18:64:72:d3:29:41,-70,3.5,1.9
2023-06-28 21:26:34.648,BUAA-WiFi,18:64:72:d3:29:40,-70,3.5,1.9
2023-06-28 21:26:34.649,BUAA-Mobile,18:64:72:d3:1f:e1,-93,3.5,1.9
2023-06-28 21:26:34.650,BUAA-WiFi,18:64:72:d3:1f:e0,-92,3.5,1.9
2023-06-28 21:26:34.651,BUAA-Mobile,18:64:72:d3:29:51,-79,3.5,1.9
2023-06-28 21:26:34.653,BUAA-WiFi,18:64:72:d3:29:50,-79,3.5,1.9
2023-06-28 21:26:34.654,BUAA-Mobile,18:64:72:d3:21:a1,-49,3.5,1.9
2023-06-28 21:26:34.655,BUAA-WiFi,18:64:72:d3:21:a0,-49,3.5,1.9
2023-06-28 21:26:35.616,Xiaomi_CEB5_5G,f0:b4:29:da:ce:b7,-69,3.5,1.9
2023-06-28 21:26:35.622,Peppa Pig,48:a1:95:eb:c6:21,-73,3.5,1.9
2023-06-28 21:26:35.626,BUAA-WiFi,18:64:72:d3:21:b0,-55,3.5,1.9
2023-06-28 21:26:35.628,AP1_5G,f0:b4:29:db:56:86,-47,3.5,1.9
2023-06-28 21:26:35.630,Peppa Pig,48:a1:95:eb:c6:20,-68,3.5,1.9
2023-06-28 21:26:35.633,AP1,f0:b4:29:db:56:85,-43,3.5,1.9
2023-06-28 21:26:35.635,BUAA-Mobile,40:e3:d6:8d:14:61,-91,3.5,1.9
2023-06-28 21:26:35.639,BUAA-WiFi,40:e3:d6:8d:14:60,-91,3.5,1.9
2023-06-28 21:26:35.643,Xiaomi_CEB5,f0:b4:29:da:ce:b6,-44,3.5,1.9
2023-06-28 21:26:35.646,Xiaomi_3308,a4:39:b3:d8:a7:52,-92,3.5,1.9
2023-06-28 21:26:35.648,BUAA-Mobile,18:64:72:d3:21:b1,-54,3.5,1.9
2023-06-28 21:26:35.650,BUAA-Mobile,18:64:72:d3:03:91,-81,3.5,1.9
2023-06-28 21:26:35.652,BUAA-WiFi,18:64:72:d3:03:90,-81,3.5,1.9
2023-06-28 21:26:35.654,BUAA-Mobile,18:64:72:d3:29:41,-83,3.5,1.9
2023-06-28 21:26:35.656,BUAA-WiFi,18:64:72:d3:29:40,-83,3.5,1.9
2023-06-28 21:26:35.659,BUAA-Mobile,18:64:72:d3:03:81,-73,3.5,1.9
2023-06-28 21:26:35.661,BUAA-WiFi,18:64:72:d3:03:80,-74,3.5,1.9
2023-06-28 21:26:35.663,BUAA-Mobile,18:64:72:d3:21:a1,-49,3.5,1.9
2023-06-28 21:26:35.665,BUAA-WiFi,18:64:72:d3:21:a0,-49,3.5,1.9
2023-06-28 21:26:35.667,TP-LINK_93C7C3,88:25:93:93:c7:c3,-92,3.5,1.9
2023-06-28 21:26:35.669,BUAA-Mobile,18:64:72:d3:1f:e1,-93,3.5,1.9
2023-06-28 21:26:35.671,BUAA-WiFi,18:64:72:d3:1f:e0,-92,3.5,1.9
2023-06-28 21:26:35.673,BUAA-Mobile,18:64:72:d3:29:51,-79,3.5,1.9
2023-06-28 21:26:35.675,BUAA-WiFi,18:64:72:d3:29:50,-79,3.5,1.9
2023-06-28 21:26:36.615,Xiaomi_CEB5_5G,f0:b4:29:da:ce:b7,-69,3.5,1.9
2023-06-28 21:26:36.618,Peppa Pig,48:a1:95:eb:c6:21,-76,3.5,1.9
2023-06-28 21:26:36.622,BUAA-WiFi,18:64:72:d3:21:b0,-55,3.5,1.9
2023-06-28 21:26:36.625,AP1_5G,f0:b4:29:db:56:86,-47,3.5,1.9
2023-06-28 21:26:36.628,Peppa Pig,48:a1:95:eb:c6:20,-65,3.5,1.9
2023-06-28 21:26:36.630,Xiaomi_CEB5,f0:b4:29:da:ce:b6,-45,3.5,1.9
2023-06-28 21:26:36.633,AP1,f0:b4:29:db:56:85,-42,3.5,1.9
2023-06-28 21:26:36.636,BUAA-Mobile,18:64:72:d3:21:b1,-54,3.5,1.9
2023-06-28 21:26:36.638,BUAA-Mobile,b0:f9:63:24:19:f2,-87,3.5,1.9
2023-06-28 21:26:36.641,BUAA-WiFi,b0:f9:63:24:19:f0,-87,3.5,1.9
2023-06-28 21:26:36.643,,0c:b5:27:5e:a2:c1,-97,3.5,1.9
2023-06-28 21:26:36.647,BUAA-Mobile,18:64:72:d3:21:a1,-49,3.5,1.9
2023-06-28 21:26:36.649,BUAA-WiFi,18:64:72:d3:21:a0,-50,3.5,1.9
2023-06-28 21:26:36.651,BUAA-Mobile,18:64:72:d3:03:81,-76,3.5,1.9
2023-06-28 21:26:36.653,BUAA-WiFi,18:64:72:d3:03:80,-76,3.5,1.9
2023-06-28 21:26:36.655,HUAWEI-GYEL3E_5G,c8:94:bb:21:09:24,-77,3.5,1.9
2023-06-28 21:26:36.657,BUAA-Mobile,40:e3:d6:8d:14:61,-91,3.5,1.9
2023-06-28 21:26:36.660,BUAA-WiFi,40:e3:d6:8d:14:60,-91,3.5,1.9
2023-06-28 21:26:36.662,Xiaomi_3308,a4:39:b3:d8:a7:52,-92,3.5,1.9
2023-06-28 21:26:36.664,BUAA-Mobile,18:64:72:d3:03:91,-81,3.5,1.9
2023-06-28 21:26:36.666,BUAA-WiFi,18:64:72:d3:03:90,-81,3.5,1.9
2023-06-28 21:26:36.668,BUAA-Mobile,18:64:72:d3:29:41,-83,3.5,1.9
2023-06-28 21:26:36.670,BUAA-WiFi,18:64:72:d3:29:40,-83,3.5,1.9
2023-06-28 21:26:36.672,TP-LINK_93C7C3,88:25:93:93:c7:c3,-92,3.5,1.9
2023-06-28 21:26:36.674,BUAA-Mobile,18:64:72:d3:1f:e1,-93,3.5,1.9
2023-06-28 21:26:36.676,BUAA-WiFi,18:64:72:d3:1f:e0,-92,3.5,1.9
2023-06-28 21:26:36.678,BUAA-Mobile,18:64:72:d3:29:51,-79,3.5,1.9
2023-06-28 21:26:36.680,BUAA-WiFi,18:64:72:d3:29:50,-79,3.5,1.9
2023-06-28 21:26:37.618,Xiaomi_CEB5_5G,f0:b4:29:da:ce:b7,-69,3.5,1.9
2023-06-28 21:26:37.624,Peppa Pig,48:a1:95:eb:c6:21,-73,3.5,1.9
2023-06-28 21:26:37.630,BUAA-WiFi,18:64:72:d3:21:b0,-55,3.5,1.9
2023-06-28 21:26:37.635,AP1_5G,f0:b4:29:db:56:86,-47,3.5,1.9
2023-06-28 21:26:37.639,AP1,f0:b4:29:db:56:85,-43,3.5,1.9
2023-06-28 21:26:37.643,Xiaomi_CEB5,f0:b4:29:da:ce:b6,-44,3.5,1.9
2023-06-28 21:26:37.645,Peppa Pig,48:a1:95:eb:c6:20,-66,3.5,1.9
2023-06-28 21:26:37.647,BUAA-Mobile,18:64:72:d3:21:b1,-54,3.5,1.9
2023-06-28 21:26:37.650,BUAA-Mobile,18:64:72:d3:03:91,-83,3.5,1.9
2023-06-28 21:26:37.652,BUAA-WiFi,18:64:72:d3:03:90,-83,3.5,1.9
2023-06-28 21:26:37.655,BUAA-Mobile,18:64:72:d3:29:41,-70,3.5,1.9
2023-06-28 21:26:37.658,BUAA-WiFi,18:64:72:d3:29:40,-70,3.5,1.9
2023-06-28 21:26:37.661,TP-LINK_93C7C3,88:25:93:93:c7:c3,-91,3.5,1.9
2023-06-28 21:26:37.664,,32:b4:9e:60:24:33,-82,3.5,1.9
2023-06-28 21:26:37.666,BUAA-Mobile,b0:f9:63:24:19:f2,-87,3.5,1.9
2023-06-28 21:26:37.668,BUAA-WiFi,b0:f9:63:24:19:f0,-87,3.5,1.9
2023-06-28 21:26:37.670,,0c:b5:27:5e:a2:c1,-97,3.5,1.9
2023-06-28 21:26:37.672,BUAA-Mobile,18:64:72:d3:21:a1,-49,3.5,1.9
2023-06-28 21:26:37.675,BUAA-WiFi,18:64:72:d3:21:a0,-50,3.5,1.9
2023-06-28 21:26:37.677,BUAA-Mobile,18:64:72:d3:03:81,-76,3.5,1.9
2023-06-28 21:26:37.679,BUAA-WiFi,18:64:72:d3:03:80,-76,3.5,1.9
2023-06-28 21:26:37.681,HUAWEI-GYEL3E_5G,c8:94:bb:21:09:24,-77,3.5,1.9
2023-06-28 21:26:37.683,BUAA-Mobile,40:e3:d6:8d:14:61,-91,3.5,1.9
2023-06-28 21:26:37.685,BUAA-WiFi,40:e3:d6:8d:14:60,-91,3.5,1.9
2023-06-28 21:26:37.687,Xiaomi_3308,a4:39:b3:d8:a7:52,-92,3.5,1.9
2023-06-28 21:26:37.688,BUAA-Mobile,18:64:72:d3:1f:e1,-93,3.5,1.9
2023-06-28 21:26:37.690,BUAA-WiFi,18:64:72:d3:1f:e0,-92,3.5,1.9
2023-06-28 21:26:37.691,BUAA-Mobile,18:64:72:d3:29:51,-79,3.5,1.9
2023-06-28 21:26:37.692,BUAA-WiFi,18:64:72:d3:29:50,-79,3.5,1.9
2023-06-28 21:26:38.615,Xiaomi_CEB5_5G,f0:b4:29:da:ce:b7,-69,3.5,1.9
2023-06-28 21:26:38.622,Peppa Pig,48:a1:95:eb:c6:21,-73,3.5,1.9
2023-06-28 21:26:38.626,BUAA-WiFi,18:64:72:d3:21:b0,-55,3.5,1.9
2023-06-28 21:26:38.628,AP1_5G,f0:b4:29:db:56:86,-47,3.5,1.9
2023-06-28 21:26:38.634,AP1,f0:b4:29:db:56:85,-43,3.5,1.9
2023-06-28 21:26:38.637,Xiaomi_CEB5,f0:b4:29:da:ce:b6,-44,3.5,1.9
2023-06-28 21:26:38.642,Peppa Pig,48:a1:95:eb:c6:20,-66,3.5,1.9
2023-06-28 21:26:38.646,BUAA-Mobile,18:64:72:d3:21:b1,-54,3.5,1.9
2023-06-28 21:26:38.649,BUAA-Mobile,18:64:72:d3:03:91,-83,3.5,1.9
2023-06-28 21:26:38.651,BUAA-WiFi,18:64:72:d3:03:90,-83,3.5,1.9
2023-06-28 21:26:38.653,BUAA-Mobile,18:64:72:d3:29:41,-70,3.5,1.9
2023-06-28 21:26:38.656,BUAA-WiFi,18:64:72:d3:29:40,-70,3.5,1.9
2023-06-28 21:26:38.658,TP-LINK_93C7C3,88:25:93:93:c7:c3,-91,3.5,1.9
2023-06-28 21:26:38.660,,32:b4:9e:60:24:33,-82,3.5,1.9
2023-06-28 21:26:38.662,BUAA-Mobile,b0:f9:63:24:19:f2,-87,3.5,1.9
2023-06-28 21:26:38.665,BUAA-WiFi,b0:f9:63:24:19:f0,-87,3.5,1.9
2023-06-28 21:26:38.667,,0c:b5:27:5e:a2:c1,-97,3.5,1.9
2023-06-28 21:26:38.669,BUAA-Mobile,18:64:72:d3:21:a1,-49,3.5,1.9
2023-06-28 21:26:38.671,BUAA-WiFi,18:64:72:d3:21:a0,-50,3.5,1.9
2023-06-28 21:26:38.673,BUAA-Mobile,18:64:72:d3:03:81,-76,3.5,1.9
2023-06-28 21:26:38.676,BUAA-WiFi,18:64:72:d3:03:80,-76,3.5,1.9
2023-06-28 21:26:38.678,HUAWEI-GYEL3E_5G,c8:94:bb:21:09:24,-77,3.5,1.9
2023-06-28 21:26:38.680,BUAA-Mobile,40:e3:d6:8d:14:61,-91,3.5,1.9
2023-06-28 21:26:38.682,BUAA-WiFi,40:e3:d6:8d:14:60,-91,3.5,1.9
2023-06-28 21:26:38.685,Xiaomi_3308,a4:39:b3:d8:a7:52,-92,3.5,1.9
2023-06-28 21:26:38.688,BUAA-Mobile,18:64:72:d3:1f:e1,-93,3.5,1.9
2023-06-28 21:26:38.691,BUAA-WiFi,18:64:72:d3:1f:e0,-92,3.5,1.9
2023-06-28 21:26:38.693,BUAA-Mobile,18:64:72:d3:29:51,-79,3.5,1.9
2023-06-28 21:26:38.695,BUAA-WiFi,18:64:72:d3:29:50,-79,3.5,1.9
2023-06-28 21:26:39.615,Xiaomi_CEB5_5G,f0:b4:29:da:ce:b7,-69,3.5,1.9
2023-06-28 21:26:39.622,Peppa Pig,48:a1:95:eb:c6:21,-73,3.5,1.9
2023-06-28 21:26:39.626,BUAA-WiFi,18:64:72:d3:21:b0,-55,3.5,1.9
2023-06-28 21:26:39.629,AP1_5G,f0:b4:29:db:56:86,-47,3.5,1.9
2023-06-28 21:26:39.631,AP1,f0:b4:29:db:56:85,-43,3.5,1.9
2023-06-28 21:26:39.633,Xiaomi_CEB5,f0:b4:29:da:ce:b6,-44,3.5,1.9
2023-06-28 21:26:39.636,Peppa Pig,48:a1:95:eb:c6:20,-66,3.5,1.9
2023-06-28 21:26:39.638,BUAA-Mobile,18:64:72:d3:21:b1,-54,3.5,1.9
2023-06-28 21:26:39.640,BUAA-Mobile,18:64:72:d3:03:91,-83,3.5,1.9
2023-06-28 21:26:39.643,BUAA-WiFi,18:64:72:d3:03:90,-83,3.5,1.9
2023-06-28 21:26:39.644,BUAA-Mobile,18:64:72:d3:29:41,-70,3.5,1.9
2023-06-28 21:26:39.646,BUAA-WiFi,18:64:72:d3:29:40,-70,3.5,1.9
2023-06-28 21:26:39.647,TP-LINK_93C7C3,88:25:93:93:c7:c3,-91,3.5,1.9
2023-06-28 21:26:39.649,,32:b4:9e:60:24:33,-82,3.5,1.9
2023-06-28 21:26:39.650,BUAA-Mobile,b0:f9:63:24:19:f2,-87,3.5,1.9
2023-06-28 21:26:39.652,BUAA-WiFi,b0:f9:63:24:19:f0,-87,3.5,1.9
2023-06-28 21:26:39.653,,0c:b5:27:5e:a2:c1,-97,3.5,1.9
2023-06-28 21:26:39.655,BUAA-Mobile,18:64:72:d3:21:a1,-49,3.5,1.9
2023-06-28 21:26:39.656,BUAA-WiFi,18:64:72:d3:21:a0,-50,3.5,1.9
2023-06-28 21:26:39.658,BUAA-Mobile,18:64:72:d3:03:81,-76,3.5,1.9
2023-06-28 21:26:39.659,BUAA-WiFi,18:64:72:d3:03:80,-76,3.5,1.9
2023-06-28 21:26:39.661,HUAWEI-GYEL3E_5G,c8:94:bb:21:09:24,-77,3.5,1.9
2023-06-28 21:26:39.663,BUAA-Mobile,40:e3:d6:8d:14:61,-91,3.5,1.9
2023-06-28 21:26:39.665,BUAA-WiFi,40:e3:d6:8d:14:60,-91,3.5,1.9
2023-06-28 21:26:39.668,Xiaomi_3308,a4:39:b3:d8:a7:52,-92,3.5,1.9
2023-06-28 21:26:39.670,BUAA-Mobile,18:64:72:d3:1f:e1,-93,3.5,1.9
2023-06-28 21:26:39.672,BUAA-WiFi,18:64:72:d3:1f:e0,-92,3.5,1.9
2023-06-28 21:26:39.674,BUAA-Mobile,18:64:72:d3:29:51,-79,3.5,1.9
2023-06-28 21:26:39.676,BUAA-WiFi,18:64:72:d3:29:50,-79,3.5,1.9
2023-06-28 21:26:40.616,Xiaomi_CEB5_5G,f0:b4:29:da:ce:b7,-69,3.5,1.9
2023-06-28 21:26:40.623,Peppa Pig,48:a1:95:eb:c6:21,-73,3.5,1.9
2023-06-28 21:26:40.628,BUAA-WiFi,18:64:72:d3:21:b0,-55,3.5,1.9
2023-06-28 21:26:40.631,AP1_5G,f0:b4:29:db:56:86,-47,3.5,1.9
2023-06-28 21:26:40.635,AP1,f0:b4:29:db:56:85,-43,3.5,1.9
2023-06-28 21:26:40.637,Xiaomi_CEB5,f0:b4:29:da:ce:b6,-44,3.5,1.9
2023-06-28 21:26:40.640,Peppa Pig,48:a1:95:eb:c6:20,-66,3.5,1.9
2023-06-28 21:26:40.643,BUAA-Mobile,18:64:72:d3:21:b1,-54,3.5,1.9
2023-06-28 21:26:40.644,BUAA-Mobile,18:64:72:d3:03:91,-83,3.5,1.9
2023-06-28 21:26:40.646,BUAA-WiFi,18:64:72:d3:03:90,-83,3.5,1.9
2023-06-28 21:26:40.649,BUAA-Mobile,18:64:72:d3:29:41,-70,3.5,1.9
2023-06-28 21:26:40.651,BUAA-WiFi,18:64:72:d3:29:40,-70,3.5,1.9
2023-06-28 21:26:40.652,TP-LINK_93C7C3,88:25:93:93:c7:c3,-91,3.5,1.9
2023-06-28 21:26:40.654,,32:b4:9e:60:24:33,-82,3.5,1.9
2023-06-28 21:26:40.656,BUAA-Mobile,b0:f9:63:24:19:f2,-87,3.5,1.9
2023-06-28 21:26:40.657,BUAA-WiFi,b0:f9:63:24:19:f0,-87,3.5,1.9
2023-06-28 21:26:40.660,,0c:b5:27:5e:a2:c1,-97,3.5,1.9
2023-06-28 21:26:40.661,BUAA-Mobile,18:64:72:d3:21:a1,-49,3.5,1.9
2023-06-28 21:26:40.662,BUAA-WiFi,18:64:72:d3:21:a0,-50,3.5,1.9
2023-06-28 21:26:40.664,BUAA-Mobile,18:64:72:d3:03:81,-76,3.5,1.9
2023-06-28 21:26:40.666,BUAA-WiFi,18:64:72:d3:03:80,-76,3.5,1.9
2023-06-28 21:26:40.667,HUAWEI-GYEL3E_5G,c8:94:bb:21:09:24,-77,3.5,1.9
2023-06-28 21:26:40.668,BUAA-Mobile,40:e3:d6:8d:14:61,-91,3.5,1.9
2023-06-28 21:26:40.670,BUAA-WiFi,40:e3:d6:8d:14:60,-91,3.5,1.9
2023-06-28 21:26:40.671,Xiaomi_3308,a4:39:b3:d8:a7:52,-92,3.5,1.9
2023-06-28 21:26:40.672,BUAA-Mobile,18:64:72:d3:1f:e1,-93,3.5,1.9
2023-06-28 21:26:40.674,BUAA-WiFi,18:64:72:d3:1f:e0,-92,3.5,1.9
2023-06-28 21:26:40.675,BUAA-Mobile,18:64:72:d3:29:51,-79,3.5,1.9
2023-06-28 21:26:40.676,BUAA-WiFi,18:64:72:d3:29:50,-79,3.5,1.9
2023-06-28 21:26:41.617,Xiaomi_CEB5_5G,f0:b4:29:da:ce:b7,-69,3.5,1.9
2023-06-28 21:26:41.620,Peppa Pig,48:a1:95:eb:c6:21,-73,3.5,1.9
2023-06-28 21:26:41.625,BUAA-WiFi,18:64:72:d3:21:b0,-55,3.5,1.9
2023-06-28 21:26:41.627,AP1_5G,f0:b4:29:db:56:86,-47,3.5,1.9
2023-06-28 21:26:41.629,AP1,f0:b4:29:db:56:85,-43,3.5,1.9
2023-06-28 21:26:41.630,Xiaomi_CEB5,f0:b4:29:da:ce:b6,-44,3.5,1.9
2023-06-28 21:26:41.632,Peppa Pig,48:a1:95:eb:c6:20,-66,3.5,1.9
2023-06-28 21:26:41.633,BUAA-Mobile,18:64:72:d3:21:b1,-54,3.5,1.9
2023-06-28 21:26:41.635,BUAA-Mobile,18:64:72:d3:03:91,-83,3.5,1.9
2023-06-28 21:26:41.638,BUAA-WiFi,18:64:72:d3:03:90,-83,3.5,1.9
2023-06-28 21:26:41.640,BUAA-Mobile,18:64:72:d3:29:41,-70,3.5,1.9
2023-06-28 21:26:41.643,BUAA-WiFi,18:64:72:d3:29:40,-70,3.5,1.9
2023-06-28 21:26:41.644,TP-LINK_93C7C3,88:25:93:93:c7:c3,-91,3.5,1.9
2023-06-28 21:26:41.645,,32:b4:9e:60:24:33,-82,3.5,1.9
2023-06-28 21:26:41.648,BUAA-Mobile,b0:f9:63:24:19:f2,-87,3.5,1.9
2023-06-28 21:26:41.649,BUAA-WiFi,b0:f9:63:24:19:f0,-87,3.5,1.9
2023-06-28 21:26:41.650,,0c:b5:27:5e:a2:c1,-97,3.5,1.9
2023-06-28 21:26:41.652,BUAA-Mobile,18:64:72:d3:21:a1,-49,3.5,1.9
2023-06-28 21:26:41.653,BUAA-WiFi,18:64:72:d3:21:a0,-50,3.5,1.9
2023-06-28 21:26:41.654,BUAA-Mobile,18:64:72:d3:03:81,-76,3.5,1.9
2023-06-28 21:26:41.656,BUAA-WiFi,18:64:72:d3:03:80,-76,3.5,1.9
2023-06-28 21:26:41.657,HUAWEI-GYEL3E_5G,c8:94:bb:21:09:24,-77,3.5,1.9
2023-06-28 21:26:41.658,BUAA-Mobile,40:e3:d6:8d:14:61,-91,3.5,1.9
2023-06-28 21:26:41.660,BUAA-WiFi,40:e3:d6:8d:14:60,-91,3.5,1.9
2023-06-28 21:26:41.661,Xiaomi_3308,a4:39:b3:d8:a7:52,-92,3.5,1.9
2023-06-28 21:26:41.662,BUAA-Mobile,18:64:72:d3:1f:e1,-93,3.5,1.9
2023-06-28 21:26:41.663,BUAA-WiFi,18:64:72:d3:1f:e0,-92,3.5,1.9
2023-06-28 21:26:41.665,BUAA-Mobile,18:64:72:d3:29:51,-79,3.5,1.9
2023-06-28 21:26:41.666,BUAA-WiFi,18:64:72:d3:29:50,-79,3.5,1.9
2023-06-28 21:26:42.618,Xiaomi_CEB5_5G,f0:b4:29:da:ce:b7,-69,3.5,1.9
2023-06-28 21:26:42.626,Peppa Pig,48:a1:95:eb:c6:21,-73,3.5,1.9
2023-06-28 21:26:42.632,BUAA-WiFi,18:64:72:d3:21:b0,-55,3.5,1.9
2023-06-28 21:26:42.638,AP1_5G,f0:b4:29:db:56:86,-47,3.5,1.9
2023-06-28 21:26:42.643,AP1,f0:b4:29:db:56:85,-43,3.5,1.9
2023-06-28 21:26:42.646,Xiaomi_CEB5,f0:b4:29:da:ce:b6,-44,3.5,1.9
2023-06-28 21:26:42.649,Peppa Pig,48:a1:95:eb:c6:20,-66,3.5,1.9
2023-06-28 21:26:42.652,BUAA-Mobile,18:64:72:d3:21:b1,-54,3.5,1.9
2023-06-28 21:26:42.654,BUAA-Mobile,18:64:72:d3:03:91,-83,3.5,1.9
2023-06-28 21:26:42.657,BUAA-WiFi,18:64:72:d3:03:90,-83,3.5,1.9
2023-06-28 21:26:42.660,BUAA-Mobile,18:64:72:d3:29:41,-70,3.5,1.9
2023-06-28 21:26:42.662,BUAA-WiFi,18:64:72:d3:29:40,-70,3.5,1.9
2023-06-28 21:26:42.665,TP-LINK_93C7C3,88:25:93:93:c7:c3,-91,3.5,1.9
2023-06-28 21:26:42.668,,32:b4:9e:60:24:33,-82,3.5,1.9
2023-06-28 21:26:42.670,BUAA-Mobile,b0:f9:63:24:19:f2,-87,3.5,1.9
2023-06-28 21:26:42.673,BUAA-WiFi,b0:f9:63:24:19:f0,-87,3.5,1.9
2023-06-28 21:26:42.675,,0c:b5:27:5e:a2:c1,-97,3.5,1.9
2023-06-28 21:26:42.679,BUAA-Mobile,18:64:72:d3:21:a1,-49,3.5,1.9
2023-06-28 21:26:42.683,BUAA-WiFi,18:64:72:d3:21:a0,-50,3.5,1.9
2023-06-28 21:26:42.686,BUAA-Mobile,18:64:72:d3:03:81,-76,3.5,1.9
2023-06-28 21:26:42.689,BUAA-WiFi,18:64:72:d3:03:80,-76,3.5,1.9
2023-06-28 21:26:42.692,HUAWEI-GYEL3E_5G,c8:94:bb:21:09:24,-77,3.5,1.9
2023-06-28 21:26:42.695,BUAA-Mobile,40:e3:d6:8d:14:61,-91,3.5,1.9
2023-06-28 21:26:42.698,BUAA-WiFi,40:e3:d6:8d:14:60,-91,3.5,1.9
2023-06-28 21:26:42.700,Xiaomi_3308,a4:39:b3:d8:a7:52,-92,3.5,1.9
2023-06-28 21:26:42.703,BUAA-Mobile,18:64:72:d3:1f:e1,-93,3.5,1.9
2023-06-28 21:26:42.705,BUAA-WiFi,18:64:72:d3:1f:e0,-92,3.5,1.9
2023-06-28 21:26:42.709,BUAA-Mobile,18:64:72:d3:29:51,-79,3.5,1.9
2023-06-28 21:26:42.712,BUAA-WiFi,18:64:72:d3:29:50,-79,3.5,1.9
2023-06-28 21:26:43.618,Xiaomi_CEB5_5G,f0:b4:29:da:ce:b7,-69,3.5,1.9
2023-06-28 21:26:43.627,Peppa Pig,48:a1:95:eb:c6:21,-73,3.5,1.9
2023-06-28 21:26:43.630,BUAA-WiFi,18:64:72:d3:21:b0,-55,3.5,1.9
2023-06-28 21:26:43.632,AP1_5G,f0:b4:29:db:56:86,-47,3.5,1.9
2023-06-28 21:26:43.635,AP1,f0:b4:29:db:56:85,-43,3.5,1.9
2023-06-28 21:26:43.637,Xiaomi_CEB5,f0:b4:29:da:ce:b6,-44,3.5,1.9
2023-06-28 21:26:43.639,Peppa Pig,48:a1:95:eb:c6:20,-66,3.5,1.9
2023-06-28 21:26:43.642,BUAA-Mobile,18:64:72:d3:21:b1,-54,3.5,1.9
2023-06-28 21:26:43.644,BUAA-Mobile,18:64:72:d3:03:91,-83,3.5,1.9
2023-06-28 21:26:43.645,BUAA-WiFi,18:64:72:d3:03:90,-83,3.5,1.9
2023-06-28 21:26:43.647,BUAA-Mobile,18:64:72:d3:29:41,-70,3.5,1.9
2023-06-28 21:26:43.648,BUAA-WiFi,18:64:72:d3:29:40,-70,3.5,1.9
2023-06-28 21:26:43.650,TP-LINK_93C7C3,88:25:93:93:c7:c3,-91,3.5,1.9
2023-06-28 21:26:43.652,,32:b4:9e:60:24:33,-82,3.5,1.9
2023-06-28 21:26:43.654,BUAA-Mobile,b0:f9:63:24:19:f2,-87,3.5,1.9
2023-06-28 21:26:43.656,BUAA-WiFi,b0:f9:63:24:19:f0,-87,3.5,1.9
2023-06-28 21:26:43.658,,0c:b5:27:5e:a2:c1,-97,3.5,1.9
2023-06-28 21:26:43.661,BUAA-Mobile,18:64:72:d3:21:a1,-49,3.5,1.9
2023-06-28 21:26:43.663,BUAA-WiFi,18:64:72:d3:21:a0,-50,3.5,1.9
2023-06-28 21:26:43.665,BUAA-Mobile,18:64:72:d3:03:81,-76,3.5,1.9
2023-06-28 21:26:43.666,BUAA-WiFi,18:64:72:d3:03:80,-76,3.5,1.9
2023-06-28 21:26:43.667,HUAWEI-GYEL3E_5G,c8:94:bb:21:09:24,-77,3.5,1.9
2023-06-28 21:26:43.669,BUAA-Mobile,40:e3:d6:8d:14:61,-91,3.5,1.9
2023-06-28 21:26:43.670,BUAA-WiFi,40:e3:d6:8d:14:60,-91,3.5,1.9
2023-06-28 21:26:43.672,Xiaomi_3308,a4:39:b3:d8:a7:52,-92,3.5,1.9
2023-06-28 21:26:43.674,BUAA-Mobile,18:64:72:d3:1f:e1,-93,3.5,1.9
2023-06-28 21:26:43.676,BUAA-WiFi,18:64:72:d3:1f:e0,-92,3.5,1.9
2023-06-28 21:26:43.678,BUAA-Mobile,18:64:72:d3:29:51,-79,3.5,1.9
2023-06-28 21:26:43.680,BUAA-WiFi,18:64:72:d3:29:50,-79,3.5,1.9
2023-06-28 21:26:44.619,Xiaomi_CEB5_5G,f0:b4:29:da:ce:b7,-69,3.5,1.9
2023-06-28 21:26:44.626,Peppa Pig,48:a1:95:eb:c6:21,-73,3.5,1.9
2023-06-28 21:26:44.630,BUAA-WiFi,18:64:72:d3:21:b0,-55,3.5,1.9
2023-06-28 21:26:44.634,AP1_5G,f0:b4:29:db:56:86,-47,3.5,1.9
2023-06-28 21:26:44.638,AP1,f0:b4:29:db:56:85,-43,3.5,1.9
2023-06-28 21:26:44.643,Xiaomi_CEB5,f0:b4:29:da:ce:b6,-44,3.5,1.9
2023-06-28 21:26:44.646,Peppa Pig,48:a1:95:eb:c6:20,-66,3.5,1.9
2023-06-28 21:26:44.648,BUAA-Mobile,18:64:72:d3:21:b1,-54,3.5,1.9
2023-06-28 21:26:44.651,BUAA-Mobile,18:64:72:d3:03:91,-83,3.5,1.9
2023-06-28 21:26:44.653,BUAA-WiFi,18:64:72:d3:03:90,-83,3.5,1.9
2023-06-28 21:26:44.656,BUAA-Mobile,18:64:72:d3:29:41,-70,3.5,1.9
2023-06-28 21:26:44.659,BUAA-WiFi,18:64:72:d3:29:40,-70,3.5,1.9
2023-06-28 21:26:44.661,TP-LINK_93C7C3,88:25:93:93:c7:c3,-91,3.5,1.9
2023-06-28 21:26:44.664,,32:b4:9e:60:24:33,-82,3.5,1.9
2023-06-28 21:26:44.667,BUAA-Mobile,b0:f9:63:24:19:f2,-87,3.5,1.9
2023-06-28 21:26:44.670,BUAA-WiFi,b0:f9:63:24:19:f0,-87,3.5,1.9
2023-06-28 21:26:44.672,,0c:b5:27:5e:a2:c1,-97,3.5,1.9
2023-06-28 21:26:44.675,BUAA-Mobile,18:64:72:d3:21:a1,-49,3.5,1.9
2023-06-28 21:26:44.678,BUAA-WiFi,18:64:72:d3:21:a0,-50,3.5,1.9
2023-06-28 21:26:44.681,BUAA-Mobile,18:64:72:d3:03:81,-76,3.5,1.9
2023-06-28 21:26:44.684,BUAA-WiFi,18:64:72:d3:03:80,-76,3.5,1.9
2023-06-28 21:26:44.686,HUAWEI-GYEL3E_5G,c8:94:bb:21:09:24,-77,3.5,1.9
2023-06-28 21:26:44.688,BUAA-Mobile,40:e3:d6:8d:14:61,-91,3.5,1.9
2023-06-28 21:26:44.691,BUAA-WiFi,40:e3:d6:8d:14:60,-91,3.5,1.9
2023-06-28 21:26:44.693,Xiaomi_3308,a4:39:b3:d8:a7:52,-92,3.5,1.9
2023-06-28 21:26:44.694,BUAA-Mobile,18:64:72:d3:1f:e1,-93,3.5,1.9
2023-06-28 21:26:44.696,BUAA-WiFi,18:64:72:d3:1f:e0,-92,3.5,1.9
2023-06-28 21:26:44.697,BUAA-Mobile,18:64:72:d3:29:51,-79,3.5,1.9
2023-06-28 21:26:44.699,BUAA-WiFi,18:64:72:d3:29:50,-79,3.5,1.9
2023-06-28 21:26:45.618,Xiaomi_CEB5_5G,f0:b4:29:da:ce:b7,-69,3.5,1.9
2023-06-28 21:26:45.622,Peppa Pig,48:a1:95:eb:c6:21,-73,3.5,1.9
2023-06-28 21:26:45.625,BUAA-WiFi,18:64:72:d3:21:b0,-55,3.5,1.9
2023-06-28 21:26:45.627,AP1_5G,f0:b4:29:db:56:86,-47,3.5,1.9
2023-06-28 21:26:45.630,AP1,f0:b4:29:db:56:85,-43,3.5,1.9
2023-06-28 21:26:45.632,Xiaomi_CEB5,f0:b4:29:da:ce:b6,-44,3.5,1.9
2023-06-28 21:26:45.634,Peppa Pig,48:a1:95:eb:c6:20,-66,3.5,1.9
2023-06-28 21:26:45.637,BUAA-Mobile,18:64:72:d3:21:b1,-54,3.5,1.9
2023-06-28 21:26:45.639,BUAA-Mobile,18:64:72:d3:03:91,-83,3.5,1.9
2023-06-28 21:26:45.641,BUAA-WiFi,18:64:72:d3:03:90,-83,3.5,1.9
2023-06-28 21:26:45.644,BUAA-Mobile,18:64:72:d3:29:41,-70,3.5,1.9
2023-06-28 21:26:45.646,BUAA-WiFi,18:64:72:d3:29:40,-70,3.5,1.9
2023-06-28 21:26:45.648,TP-LINK_93C7C3,88:25:93:93:c7:c3,-91,3.5,1.9
2023-06-28 21:26:45.650,,32:b4:9e:60:24:33,-82,3.5,1.9
2023-06-28 21:26:45.652,BUAA-Mobile,b0:f9:63:24:19:f2,-87,3.5,1.9
2023-06-28 21:26:45.655,BUAA-WiFi,b0:f9:63:24:19:f0,-87,3.5,1.9
2023-06-28 21:26:45.657,,0c:b5:27:5e:a2:c1,-97,3.5,1.9
2023-06-28 21:26:45.659,BUAA-Mobile,18:64:72:d3:21:a1,-49,3.5,1.9
2023-06-28 21:26:45.661,BUAA-WiFi,18:64:72:d3:21:a0,-50,3.5,1.9
2023-06-28 21:26:45.664,BUAA-Mobile,18:64:72:d3:03:81,-76,3.5,1.9
2023-06-28 21:26:45.666,BUAA-WiFi,18:64:72:d3:03:80,-76,3.5,1.9
2023-06-28 21:26:45.668,HUAWEI-GYEL3E_5G,c8:94:bb:21:09:24,-77,3.5,1.9
2023-06-28 21:26:45.670,BUAA-Mobile,40:e3:d6:8d:14:61,-91,3.5,1.9
2023-06-28 21:26:45.673,BUAA-WiFi,40:e3:d6:8d:14:60,-91,3.5,1.9
2023-06-28 21:26:45.675,Xiaomi_3308,a4:39:b3:d8:a7:52,-92,3.5,1.9
2023-06-28 21:26:45.678,BUAA-Mobile,18:64:72:d3:1f:e1,-93,3.5,1.9
2023-06-28 21:26:45.680,BUAA-WiFi,18:64:72:d3:1f:e0,-92,3.5,1.9
2023-06-28 21:26:45.682,BUAA-Mobile,18:64:72:d3:29:51,-79,3.5,1.9
2023-06-28 21:26:45.684,BUAA-WiFi,18:64:72:d3:29:50,-79,3.5,1.9
,3.5,1.9
